ticketId,title,description,creationDate,resolvedDate,resolutionSummary,createdByUserId,assignedToUserId,statusId,priorityId,categoryId,embedding
tkt_001,Cannot login to Aura,I'm getting an error message when trying to log into Aura with my 3DS credentials. The page just refreshes without logging me in.,2024-05-20 09:15:00,,Clear browser cache and cookies. Issue was related to stored authentication tokens.,usr_001,usr_002,sts_005,pri_002,cat_001,"[0.49392178654670715, 1.2142853736877441, -2.3249988555908203, -0.11405853182077408, 0.7123010158538818, 0.5065000653266907, 0.5521456003189087, 0.030351754277944565, 1.3649861812591553, -1.3305083513259888, -0.03813890367746353, 1.4768197536468506, 0.3340575098991394, -0.4132181704044342, 0.2503000795841217, -0.526882529258728, 0.25882279872894287, -0.3180905282497406, -0.4159040153026581, -1.1819608211517334, -0.8956634402275085, -1.1772459745407104, -0.8039937019348145, 0.6678988933563232, 1.5334347486495972, 1.0698649883270264, 0.9089512825012207, 0.8498390316963196, -0.7247058749198914, 0.4493092894554138, 1.3523476123809814, 0.402932345867157, 0.6884671449661255, 0.607150673866272, 0.36397916078567505, 0.22906765341758728, -0.6398364901542664, -0.34208357334136963, 0.0801955908536911, 1.0649614334106445, 1.049157977104187, 0.1475391983985901, 0.33037054538726807, 0.6911200284957886, -0.9492697715759277, -0.38273918628692627, 2.0810065269470215, 0.7509772181510925, 0.20390374958515167, 0.3437914550304413, -0.03951673209667206, -0.9359338283538818, -0.3144052028656006, -0.464586079120636, 0.2395874261856079, 0.5871819853782654, 1.0724315643310547, 0.0842176079750061, -0.4431578516960144, -2.141162872314453, 1.7573662996292114, 1.3298039436340332, 1.434041976928711, 2.1520237922668457, 0.04970978945493698, -0.3579978048801422, -0.6494289040565491, 0.43218445777893066, -0.06940386444330215, -0.5783290863037109, 1.1781058311462402, 0.06345483660697937, 0.2225242555141449, 0.10852725803852081, 0.10543426871299744, -0.26488417387008667, -0.21059688925743103, -0.6283329725265503, 0.006418988108634949, 0.9906256794929504, -0.013615600764751434, 0.5490394234657288, 0.9608103632926941, 0.15400433540344238, 0.6435160040855408, 0.5409917831420898, -0.39946305751800537, -1.1795624494552612, 0.4850284457206726, 0.6879140138626099, -0.3938124179840088, -0.27444079518318176, -0.30344054102897644, -0.4039856195449829, -0.3091042637825012, 0.34780290722846985, 0.38755789399147034, 0.179293692111969, -0.5069553256034851, -0.599479615688324, -0.45730334520339966, -1.0407648086547852, -0.22522832453250885, 0.07989566773176193, 0.7434089183807373, -0.12965154647827148, -0.7227420210838318, -0.6532939076423645, -0.878952145576477, 0.1321031004190445, -0.5029863119125366, -0.020934022963047028, 0.34223735332489014, -0.5741223692893982, -0.4508652687072754, 0.35228288173675537, 0.8868519067764282, -1.9391096830368042, 0.14382398128509521, 1.1001777648925781, -0.6144258975982666, -0.22000320255756378, -0.036481767892837524, 0.7049601078033447, 0.3562665283679962, 0.9932106733322144, -0.017877653241157532, -0.27465587854385376, 0.4138374924659729, -1.0499083995819092, -0.2526809573173523, -0.8044041395187378, -0.6633452773094177, -0.07872564345598221, 0.22112220525741577, 0.742232084274292, 0.5605757236480713, -0.6585285067558289, 0.05816485360264778, 0.04151925817131996, 0.5164147615432739, 0.5029647946357727, 0.6340939998626709, -0.22661192715168, 1.1808816194534302, -0.1418440043926239, 1.5652996301651, -0.6224203109741211, -0.26135921478271484, 0.6478963494300842, 0.45222336053848267, -0.03242587298154831, -0.961432695388794, -0.510986328125, -0.7016170620918274, -0.7677070498466492, -0.468209832906723, -0.7783843278884888, 1.2604198455810547, 0.40405282378196716, 0.6513562202453613, 0.005077041685581207, -0.9907217025756836, -0.20577317476272583, 0.8274966478347778, -0.39468735456466675, -0.01596226915717125, 0.8498006463050842, -0.4990242123603821, -0.5912113189697266, -0.2597951889038086, -0.48709040880203247, -1.0153218507766724, -0.24326319992542267, 0.1589856594800949, 1.1391817331314087, -0.41758352518081665, -0.04569406434893608, 0.838539183139801, -1.181999683380127, 0.8496083617210388, -0.2891668379306793, 0.56951904296875, 0.37355145812034607, -0.4748876690864563, -0.24170206487178802, -0.5485639572143555, 0.9709755778312683, -0.7291446328163147, -0.5929721593856812, 0.36998748779296875, -0.1876814216375351, -0.48156648874282837, -0.9515857696533203, 0.09945844113826752, -0.5984715223312378, 0.6013342142105103, 0.7254538536071777, 0.35920438170433044, -0.14789916574954987, -0.2838926315307617, 0.21113552153110504, 0.007957279682159424, -0.004397820681333542, -0.12981796264648438, 0.16477325558662415, -0.16721996665000916, -0.6379810571670532, -0.07938030362129211, -0.20839694142341614, 1.3902502059936523, 0.5816325545310974, -0.04376058280467987, -0.5661550760269165, 0.395834743976593, -0.41310808062553406, 0.5513466596603394, -1.3598146438598633, 0.14498502016067505, 0.2905169725418091, 0.3995218873023987, 0.30026841163635254, 0.6050342321395874, -0.5828282237052917, 0.6906752586364746, -0.6728614568710327, -1.3833436965942383, 0.04749966040253639, 0.8807789087295532, -0.6615871787071228, -0.8869865536689758, -1.8000006675720215, 1.0294939279556274, 1.3502062559127808, -0.453705370426178, 0.9247919321060181, 0.249602273106575, -0.16994541883468628, -0.5061358213424683, -0.19329753518104553, 0.5164504051208496, 0.3235476016998291, 0.6624544262886047, 0.5929374694824219, -0.9749945402145386, 0.21543438732624054, -0.33408743143081665, -1.0182111263275146, 0.5048857927322388, 1.8243099451065063, 0.48051995038986206, 0.07533662766218185, 0.37825852632522583, -0.1046520322561264, 0.35846060514450073, 0.343188613653183, -0.5547080039978027, 0.2999410331249237, 1.235419511795044, -1.3696740865707397, 1.1286678314208984, -1.0147860050201416, -0.2567172944545746, -0.16026535630226135, 0.1291825920343399, -0.9091008901596069, -0.3515729010105133, -0.2985377907752991, 0.18933555483818054, -1.1806583404541016, 0.3166376054286957, 0.8145884871482849, -0.5190993547439575, 0.44244590401649475, 0.3983212113380432, 0.43642711639404297, 0.22231876850128174, -0.06810995191335678, -0.15568086504936218, 0.5885015726089478, -1.4763352870941162, -1.1316330432891846, -0.19736292958259583, 1.129148244857788, 0.4855535924434662, -0.36073172092437744, 0.6277369856834412, 1.683600664138794, 0.8522268533706665, 1.0782194137573242, 0.057848624885082245, 0.0728965699672699, -2.0726003646850586, 0.1970762014389038, -1.0307871103286743, 0.0782073363661766, 0.6946955323219299, 0.5680486559867859, -0.44950246810913086, 0.21738570928573608, 0.7155742645263672, 0.9220081567764282, 0.45033344626426697, 0.3384087383747101, -0.28758329153060913, -0.4763396382331848, 0.46932464838027954, 0.8131092190742493, 1.552510142326355, 0.45320338010787964, -0.22407075762748718, 0.1384366899728775, 0.24785582721233368, 0.000539727509021759, 1.133597493171692, -0.41290807723999023, -0.0627259910106659, 0.7269585728645325, 0.2821938395500183, -0.35757482051849365, -0.9140639901161194, -0.28773391246795654, 0.1741761863231659, 0.5363965034484863, -0.17652300000190735, -0.3003668785095215, -0.5013117790222168, 1.0763373374938965, -1.438653588294983, -0.7709482908248901, -0.030638515949249268, 0.5596232414245605, 0.08670182526111603, -0.8198059797286987, 0.2898501753807068, -0.05840045586228371, 0.30996739864349365, -0.07661634683609009, 0.17433655261993408, 0.23586396872997284, 1.0456520318984985, -0.44902437925338745, -0.1889946013689041, -0.7821782231330872, -0.16712336242198944, -0.8158293962478638, -1.0408263206481934, 0.6683528423309326, 0.8255985975265503, 0.7364022731781006, 0.1233910620212555, 1.332417607307434, 0.10554704815149307, -0.6013168096542358, -0.574912428855896, -0.5450209379196167, 0.2817375659942627, 1.1742901802062988, -0.30651503801345825, 0.7089074850082397, -0.14837022125720978, -0.04080123454332352, -0.013260643929243088, -1.6784814596176147, -0.22913698852062225, 0.6965824365615845, 0.3092721104621887, -0.45119184255599976, 1.6311330795288086, -0.5703408122062683, 0.32652801275253296, -1.2338298559188843, -0.16059309244155884, -0.6580864191055298, 0.24538221955299377, -0.08320986479520798, -1.2964967489242554, -1.473861575126648, 0.10298126935958862, 0.7382363677024841, 0.5146218538284302, -0.8110167980194092, 0.1281973272562027, 0.33348503708839417, 1.4935333728790283, 0.7799167633056641, 0.018646225333213806, -0.20786336064338684, -0.43383118510246277, 0.6242678165435791, 0.6720154285430908, 0.04401647672057152, -0.6821499466896057, 0.03245485946536064, 0.8029372692108154, -1.8673213720321655, 0.6936354637145996, 0.9455603957176208, 0.32410576939582825, 0.46647587418556213, -0.7629958987236023, -0.7370122075080872, -0.2869992256164551, -0.29831433296203613, 0.07811445742845535, 0.8617825508117676, -0.3449975848197937, 0.30912888050079346, 1.1209536790847778, 0.1943502426147461, 0.23009184002876282, -0.5922130942344666, 0.27837395668029785, -0.5603647232055664, 0.14442968368530273, 0.7639326453208923, 0.48974156379699707, 0.5112437605857849, -0.9647294878959656, -1.0383317470550537, -0.5743443965911865, -0.0911460593342781, 0.031504273414611816, 1.0098457336425781, 0.8653932809829712, 0.23896366357803345, 0.20860826969146729, 0.8454967737197876, 0.20633640885353088, -1.3470522165298462, -0.22698985040187836, 0.40638989210128784, -0.2635995149612427, -0.022531813010573387, -0.5398668050765991, 0.5574800968170166, -0.11212663352489471, 0.7355864644050598, 0.9078477025032043, 0.3966756761074066, 0.9422171115875244, 0.3409286141395569, -0.053554095327854156, 0.9350699186325073, 0.10661212354898453, 2.006098747253418, 1.3487637042999268, -0.386715829372406, -0.6457571387290955, 0.5835778713226318, 0.39146876335144043, -1.2624585628509521, 0.413082093000412, -0.018343068659305573, 0.6320501565933228, -0.9535350203514099, -0.5075470209121704, 1.2396897077560425, -0.18715903162956238, 0.3813747763633728, 0.34373176097869873, 0.3183843791484833, -1.4981725215911865, 0.8321371078491211, 0.5385966897010803, -0.7386202216148376, 0.3931872844696045, -0.05554376542568207, -0.03852996230125427, -0.010725580155849457, 0.09493228793144226, 0.6630049347877502, 0.17312072217464447, -0.8853098154067993, -0.9285207986831665, -0.23270849883556366, -0.27187442779541016, 0.7391763925552368, 0.6178664565086365, 0.37702974677085876, 0.2977954149246216, -0.826239824295044, -0.6599657535552979, -0.1604967713356018, 0.12826555967330933, 0.09210077673196793, -0.2880932092666626, 0.1491273045539856, 0.15496376156806946, 1.3560832738876343, 0.5308624505996704, 0.3888956904411316, 0.04634852707386017, -0.052071135491132736, 0.6983702778816223, 0.32854190468788147, -1.0401113033294678, 0.14730101823806763, -0.6266230344772339, -0.7187389135360718, -1.5524718761444092, 0.25329774618148804, -0.19640108942985535, -0.3403736650943756, -0.004591159522533417, -1.0043774843215942, -0.17620691657066345, -1.28411865234375, 0.29428964853286743, 0.43440747261047363, -0.9369774460792542, -1.4183135032653809, 0.30893757939338684, 1.3375025987625122, 0.2662903368473053, -0.4138476252555847, -0.14591491222381592, -0.8942012786865234, -1.0876007080078125, 0.35881030559539795, -0.20193926990032196, -1.3225841522216797, -0.3324742615222931, -1.699357509613037, -0.8881645202636719, 0.5858182907104492, 0.7792273759841919, -0.18212443590164185, 0.8876900672912598, 0.9178107380867004, -0.4319755733013153, 0.6138797402381897, -1.4003252983093262, -0.33946332335472107, 0.5386154055595398, -0.6034182906150818, -1.2753348350524902, -0.14846742153167725, -0.5980054140090942, 1.21836519241333, 0.12825660407543182, -0.7205177545547485, -1.1204187870025635, -0.4945279061794281, -1.459189534187317, -0.23437783122062683, -0.26629185676574707, 0.623886227607727, -0.9061618447303772, -0.16595607995986938, 0.8655214905738831, -0.39834779500961304, -0.1453319787979126, -0.009732848033308983, 0.7227686643600464, -0.5536259412765503, -0.41087162494659424, 0.5347049236297607, -0.4362936317920685, 0.16275541484355927, 0.2697964310646057, 0.08980913460254669, 0.7182486653327942, -0.033887334167957306, 0.18949905037879944, -1.1367106437683105, 0.49796363711357117, -0.008248135447502136, 0.43383437395095825, -0.5836920142173767, -0.02064034342765808, -0.8731274008750916, -1.2706100940704346, -0.5135816931724548, -0.5686573386192322, -0.2361290156841278, 0.09109677374362946, -0.5453253388404846, -0.09411991387605667, -0.550369381904602, -1.0834755897521973, -0.044863276183605194, 1.1475214958190918, 0.237454354763031, -0.11250419169664383, -0.23018822073936462, -1.1260288953781128, -0.7971306443214417, 0.3822042942047119, -0.1203254982829094, -1.122937798500061, -0.13831600546836853, -1.3223830461502075, -0.16587010025978088, -0.16962118446826935, -0.2784801721572876, -1.557389736175537, -0.49891477823257446, -0.06219074875116348, -0.8231003880500793, -0.6608680486679077, -0.6154704689979553, 0.03358903527259827, 0.6382845640182495, 0.00911717489361763, 0.6643421053886414, 0.064362533390522, 0.7721452116966248, -0.24233706295490265, 0.35805386304855347, -0.41843128204345703, 0.017373397946357727, 0.4508136510848999, -0.3483218848705292, 1.8672740459442139, -1.4224196672439575, 1.1678767204284668, 1.0903230905532837, -0.5515024065971375, 0.6977787017822266, -1.4216039180755615, -0.6832866668701172, 0.8686750531196594, 0.2610558569431305, 0.5108814835548401, -0.7892276644706726, -1.16913902759552, -1.0069613456726074, -0.2606680989265442, -0.0273647028952837, -0.16439910233020782, 0.5553529262542725, -1.3714405298233032, -0.45438963174819946, 0.3859815299510956, 0.4404115676879883, 0.7559018135070801, -1.0560410022735596, 0.882067859172821, -0.7926798462867737, 0.40678685903549194, -0.2587003707885742, 0.47023990750312805, -0.9568585753440857, 0.7181496620178223, -0.9476292133331299, -0.18670354783535004, -0.3092448115348816, 1.0348893404006958, -0.2812712788581848, 1.776064157485962, 1.2921127080917358, 0.9117299914360046, 0.3324834406375885, 0.1356225311756134, -0.4005892276763916, -0.44912415742874146, -0.11433374881744385, -1.4661178588867188, 0.03982900083065033, -0.08048366755247116, 0.2719730734825134, -0.5422602891921997, 0.4032844007015228, 0.17418429255485535, -0.42172208428382874, 0.4193989336490631, -1.1008679866790771, -0.4142751097679138, -0.4140775203704834, 0.3452792763710022, 0.9028329849243164, 0.31451886892318726, -0.8356567621231079, -0.5404980778694153, 1.7710762023925781, 1.379241704940796, 0.7322989702224731, 0.9306513071060181, 0.15004439651966095, -0.191160649061203, 0.20503775775432587, -0.9509538412094116, 0.574968695640564, 0.3183501660823822, -0.11981575936079025, 0.182285338640213, -0.09560952335596085, 0.23027600347995758, 0.6111721396446228, -1.0106779336929321, 0.11033168435096741, -0.9588863849639893, -0.09614156931638718, 0.4285920262336731, 0.09294801950454712, 0.44504469633102417, 0.06842353940010071, 0.5412108898162842, -0.2067802995443344, -1.4142154455184937, 0.059684738516807556, -0.035135120153427124, 0.4229610562324524, -0.20746707916259766, 0.16181349754333496, -0.4899829924106598, 0.5414115190505981, -0.6629824638366699, 0.5622708797454834, -0.03628196194767952, 0.06272546201944351, -0.7307716608047485, 2.262268304824829, -0.308285117149353, -0.39304202795028687, -0.03361488878726959, 0.29893192648887634, 0.11453372985124588, -0.2867170572280884, -0.0909968838095665, 0.45531362295150757, -1.3605968952178955, -0.58579421043396, -1.0662262439727783, -0.7395960092544556, 1.0217634439468384, -0.7959796190261841, 0.7730157971382141, -0.5342649221420288, 0.10739219188690186, 0.3019384741783142, -0.8555852770805359, 0.6180459260940552, -0.6202532649040222, 0.12388119101524353, -0.5514477491378784, -0.7380411624908447, -0.519608736038208, -1.1742112636566162, 0.026558056473731995, 0.3654136657714844, -0.7299120426177979, -0.22667720913887024, 0.8088376522064209, -1.056528091430664, -0.19198155403137207, 0.59938645362854, -0.44444724917411804, 0.49414265155792236, -0.2477170079946518, -1.2801694869995117, -0.2695905864238739, 0.46210697293281555, -0.2801942527294159, 0.5870034694671631, -0.7098744511604309, 0.5209337472915649, 2.010814905166626, 0.3809589743614197, 0.2213713526725769, -0.2298544943332672, 1.1464086771011353, -0.5854009389877319, 0.7248128056526184, -1.0838960409164429, -0.24697345495224, 1.0937821865081787]"
tkt_002,Aura giving incorrect CATIA information,When I ask Aura about CATIA V6 features it provides outdated information from V5. The responses don't match current documentation.,2024-05-21 14:30:00,,Updated knowledge base with latest CATIA V6 documentation. Aura responses now reflect current version.,usr_003,usr_005,sts_005,pri_003,cat_002,"[1.0567010641098022, -0.01915276050567627, -3.1277942657470703, -0.5096317529678345, 1.4576624631881714, 0.5931947231292725, 0.42327138781547546, 0.2259802520275116, -0.17580187320709229, 0.4700632095336914, 0.2859802544116974, 1.1585290431976318, 1.3381508588790894, 0.5384858846664429, 0.3607056438922882, -1.2609894275665283, 0.1901167631149292, 0.23338423669338226, 0.6917903423309326, 0.5716094970703125, 1.1255053281784058, -0.6882666349411011, -1.2981293201446533, -0.5868354439735413, 1.145509123802185, 0.1789373755455017, 0.15007120370864868, 1.0456775426864624, -0.8346648216247559, -0.08624938130378723, 1.3649235963821411, 0.31606292724609375, 0.7966558933258057, 0.5920495986938477, -0.6983337998390198, 0.019351281225681305, 0.4316481351852417, -0.6077255010604858, 0.21956110000610352, 1.7134110927581787, 1.5284267663955688, 0.16137048602104187, 0.2724084258079529, 0.650975227355957, -0.11493256688117981, -0.48019784688949585, 0.9575477242469788, 0.32136765122413635, -0.054281145334243774, -0.8596700429916382, -0.4259568452835083, 0.16311684250831604, -0.06246224790811539, -0.1863175928592682, 0.36909618973731995, 0.6313921213150024, 0.13940578699111938, -0.08111900091171265, -0.17131252586841583, -1.8844923973083496, 1.3788912296295166, 0.29871028661727905, -0.022632889449596405, 2.6382246017456055, 0.4009591042995453, 0.2983852028846741, -0.8101950883865356, 0.8372147083282471, -0.4689117670059204, -0.43239134550094604, 1.25603449344635, -0.1823645681142807, -0.3244416415691376, -0.12469834089279175, 0.09333426505327225, -0.5254586935043335, -0.7839834690093994, -1.0077831745147705, -0.5579222440719604, 1.3212192058563232, 0.7280193567276001, 0.9839363694190979, 0.7870945930480957, -0.07604552805423737, 0.9642095565795898, 0.7374048233032227, -0.27008292078971863, 0.39825570583343506, -0.01985284686088562, 0.9053875207901001, 0.49275827407836914, -1.0348784923553467, 1.1847679615020752, -0.5669823884963989, -0.949628472328186, 0.44533395767211914, -0.4512607157230377, 0.014463303610682487, -0.8024896383285522, -0.40036970376968384, -0.557666540145874, -0.3417068123817444, 0.24252469837665558, -0.1846746802330017, -0.4940440356731415, 0.850139319896698, -0.10603118687868118, -1.2525253295898438, -1.5193650722503662, -0.3836824893951416, -0.5701438188552856, 0.4053937792778015, 0.27181491255760193, -0.47093600034713745, -0.4936563968658447, -0.9023644924163818, 1.3833603858947754, -0.3902612626552582, -0.4380255341529846, -0.017867237329483032, -0.8542855381965637, -0.7563636302947998, 1.04770827293396, 0.3330594003200531, 0.9505585432052612, -1.0731974840164185, -1.0079151391983032, -0.07346941530704498, 0.25840792059898376, -1.1803545951843262, -0.9361856579780579, -1.1823537349700928, -0.26192528009414673, 0.45255109667778015, 0.29354622960090637, 0.19842557609081268, 0.5087903738021851, 0.19095301628112793, 0.5518157482147217, 1.4091975688934326, 1.3297770023345947, 0.7855668067932129, 1.0932261943817139, -0.11754229664802551, 1.16584050655365, -0.48388946056365967, 0.8346890807151794, -0.2784627676010132, -0.067645363509655, 0.0611753948032856, -0.21000553667545319, 0.4131332039833069, -0.4366540312767029, 0.3119974732398987, 0.10574790090322495, -1.1419836282730103, -0.7355882525444031, 0.15252280235290527, 0.2055380791425705, -0.14411258697509766, 1.8666499853134155, 0.04323699325323105, -0.3999594748020172, 0.2165670096874237, 0.35962215065956116, -0.4378957748413086, 0.14967894554138184, 1.1536378860473633, 0.016134046018123627, 0.86751389503479, -0.9598314762115479, 0.09048336744308472, -0.6877044439315796, 0.02715960144996643, 1.3305842876434326, 0.8115493059158325, 1.7581443786621094, -0.258955717086792, 1.2955937385559082, -1.215261459350586, -0.22814416885375977, -0.2758699357509613, 0.1288623958826065, -0.10136184096336365, -0.6355340480804443, -0.24452096223831177, -0.10763071477413177, -0.49289825558662415, -1.2823289632797241, -0.29810240864753723, -0.047075554728507996, 0.02209857851266861, -0.77827388048172, -1.1680034399032593, 0.01273750327527523, -1.0066931247711182, 0.6574865579605103, 0.2449048012495041, 0.13444304466247559, 0.5438289046287537, -0.8736268281936646, 0.39686083793640137, -0.40525951981544495, 0.22955116629600525, -0.3734854459762573, -0.11661087721586227, -0.5995054841041565, -0.5572733879089355, 0.7150983810424805, -0.34129172563552856, 0.687383770942688, -0.4427604675292969, 0.5422112941741943, -0.19151149690151215, 0.5005881786346436, -0.5892353057861328, -0.009195730090141296, -0.3416188955307007, 0.0980580747127533, 0.19951540231704712, -0.03416763246059418, 0.20832006633281708, 0.7259502410888672, -1.075344204902649, 0.3073144257068634, -1.190101146697998, -0.635498046875, -0.06997393071651459, -0.41845911741256714, -0.3411065340042114, 0.38269150257110596, -1.555417776107788, 0.048919130116701126, 0.9868611097335815, -0.3913533687591553, 1.1650595664978027, 0.8697887659072876, -0.09383077919483185, -0.06359916925430298, -0.023651838302612305, -0.5574674606323242, 0.6021230816841125, 0.7550025582313538, 0.3475099802017212, -0.7727599143981934, 0.4558105170726776, -0.6803507804870605, -0.44284987449645996, 0.07095514982938766, 1.288915753364563, -0.15334956347942352, 0.09942174702882767, 0.9053352475166321, 0.8508663177490234, 0.8115659952163696, -0.4163243770599365, -0.8856284618377686, -0.24078579246997833, 0.5751165151596069, -0.6064903736114502, -0.1778043955564499, -0.4610508680343628, 0.5255044102668762, -0.5944699048995972, 0.6904469728469849, -0.9505218863487244, 0.22828342020511627, -1.0868180990219116, -0.15513025224208832, -1.5929267406463623, 0.7319492697715759, 0.8217216730117798, -0.1349911093711853, 0.14672893285751343, 0.8488502502441406, -0.24166978895664215, 0.29590094089508057, 0.18964563310146332, -0.23956036567687988, 0.28269752860069275, -1.1239938735961914, -0.9372011423110962, -0.4326651990413666, 1.051091194152832, 0.3237389326095581, 0.06303674727678299, -0.41252902150154114, 1.1790200471878052, 0.8967756032943726, 0.6240189075469971, 0.3633668124675751, -0.3210596442222595, -0.8978157043457031, -0.17440728843212128, -0.5467649698257446, 0.020981315523386, 0.16548427939414978, 0.37459811568260193, 0.29444143176078796, -0.587827205657959, 0.7882580757141113, 0.2503969669342041, 0.1632649153470993, 0.6451143026351929, 1.2145097255706787, -0.6934921145439148, 0.038973137736320496, -0.9152765274047852, 1.8505386114120483, -0.15024113655090332, -0.8422075510025024, -0.2675732374191284, -0.6031874418258667, -0.21411685645580292, 0.025030389428138733, 0.5842867493629456, 0.31542569398880005, 0.7826445698738098, -0.05768519267439842, 0.5794767141342163, -0.3827531933784485, -0.997816264629364, -0.3628084063529968, 0.16264408826828003, 0.2676626443862915, 0.18959137797355652, -0.39126724004745483, 2.0039420127868652, -0.3085327744483948, 0.432422012090683, 0.49067866802215576, 0.47282883524894714, 0.10114918649196625, -1.1641888618469238, 0.5029615163803101, -0.04259960725903511, 0.4795524477958679, 0.7795592546463013, 0.057857662439346313, 0.6449618339538574, 1.5072259902954102, -0.4434972405433655, 0.505185604095459, -0.9265515804290771, -0.2122843712568283, -0.21460606157779694, -1.0799607038497925, 0.5185925960540771, 0.40327703952789307, 0.19219598174095154, 0.03793773800134659, 1.2597651481628418, 0.09463145583868027, 0.08622142672538757, -0.1707562953233719, -0.29322299361228943, 0.2820468246936798, 0.9894358515739441, 0.16620701551437378, 0.4413684606552124, 0.3060290217399597, 0.07531776279211044, 0.06025293469429016, -0.8339680433273315, 0.5723205804824829, 1.7659475803375244, 0.622806191444397, -0.7418115735054016, 1.0843020677566528, -0.42470505833625793, 0.7401131391525269, -0.9215710163116455, -0.16284844279289246, 0.25595492124557495, -0.16363480687141418, -0.10816939175128937, -0.8794019818305969, -0.12584702670574188, -0.272426575422287, 1.654512882232666, 1.6810141801834106, -0.7259622812271118, 0.5311657786369324, 0.3044179677963257, 0.9842645525932312, 0.1077585369348526, -0.4414723217487335, -0.3034459352493286, -0.629915714263916, -0.5382795333862305, 1.286092758178711, -0.306436151266098, -0.9028996229171753, -0.8291406631469727, 0.05314485356211662, -1.7173223495483398, 0.6675347089767456, 1.038567304611206, 0.2717648446559906, 1.0448932647705078, -0.9825291633605957, -0.8005653023719788, 1.1395423412322998, 0.41492894291877747, 0.01765087991952896, 0.5805394649505615, -1.1188075542449951, -1.0324325561523438, 0.681660532951355, 0.5246261954307556, -0.8605779409408569, 0.5496448278427124, -0.31150057911872864, -1.7538425922393799, 0.7186756134033203, 1.4733022451400757, 0.5271172523498535, 0.11761033535003662, -0.15483009815216064, -0.7094573974609375, 0.1854753941297531, -0.49122700095176697, -1.0453369617462158, -0.015567675232887268, 0.1107717752456665, 0.5291558504104614, 1.166494607925415, 0.18102282285690308, 0.2966737449169159, -1.9292471408843994, 0.15769228339195251, 0.29821646213531494, 0.2958589792251587, -0.2274506837129593, -0.2326963096857071, 0.1991945505142212, -0.3763161599636078, 0.372234046459198, 0.6925181150436401, 0.3485960066318512, 1.012474536895752, -0.286916047334671, -0.4081282615661621, -0.5864938497543335, -0.6703320741653442, 1.7241756916046143, 0.18156197667121887, -0.07907158136367798, -1.4058897495269775, 1.2333862781524658, 0.02801576815545559, -0.7138131856918335, 0.7451218962669373, 0.6152045130729675, 0.6423324942588806, -1.1668994426727295, -0.020481761544942856, -0.04583578184247017, -0.3303545117378235, 0.4417155981063843, -0.005915418267250061, 0.45400798320770264, -0.9786495566368103, 0.8773838877677917, 1.0675362348556519, -0.37961089611053467, 0.604214608669281, -0.607054591178894, 0.6534836888313293, 0.6418379545211792, -0.8169428706169128, -0.17516812682151794, -0.17428302764892578, -1.00041925907135, -0.3148016333580017, -0.21161536872386932, -0.27169033885002136, 0.2651797831058502, -0.071256622672081, 0.3875797688961029, -0.755544900894165, -0.5026555061340332, -0.38145849108695984, -0.32104238867759705, -0.8114984035491943, 0.9851983785629272, -0.20258094370365143, 0.2001948356628418, 0.5745968818664551, -0.19960200786590576, 1.3482863903045654, 0.0387982577085495, 0.6356038451194763, -0.2728062570095062, -0.12448348850011826, -0.2031838595867157, -0.22627902030944824, 0.15944787859916687, 0.1689784824848175, 0.7013047337532043, -1.0995149612426758, 0.7028263807296753, -0.26477953791618347, -0.19404129683971405, 0.6086807250976562, -0.6437203884124756, 0.28206756711006165, -1.789199709892273, -0.24261707067489624, -0.22207298874855042, -0.05019846558570862, -0.04823482781648636, 0.33638978004455566, 0.0030055567622184753, 0.15853217244148254, -0.8542512059211731, 0.2223760038614273, 0.7427369356155396, -0.23999954760074615, -0.3282489478588104, -0.19974982738494873, 0.012893225997686386, -0.03256059065461159, -1.2655729055404663, -0.8686686158180237, 0.5318032503128052, 1.6592676639556885, -1.7682297229766846, 0.33547526597976685, -0.9317311644554138, 0.7878737449645996, 1.006462574005127, -0.8671106100082397, -0.8781808614730835, -0.16276240348815918, 0.5106528997421265, -0.6201408505439758, -0.4448124170303345, 0.21322116255760193, 1.121904969215393, -0.3505920171737671, -0.47464603185653687, -0.593959391117096, 0.34315818548202515, -0.18419677019119263, -0.01203705184161663, 0.24053852260112762, 0.8071575164794922, -0.35742515325546265, -1.1803852319717407, 0.9122570753097534, -0.7998210191726685, 0.2588874101638794, -0.4925448000431061, 0.6668212413787842, -0.7383681535720825, -0.07834339141845703, 0.0710194855928421, -0.04224047064781189, 0.010425746440887451, -0.14819562435150146, -0.33536654710769653, 1.1919845342636108, -0.06884020566940308, 0.7645257115364075, -0.18260394036769867, 0.08065223693847656, 0.7307062149047852, 0.16018988192081451, 0.4037110209465027, -0.05575753003358841, -0.8050068616867065, -1.0326417684555054, -1.250087857246399, 0.5445225238800049, -0.9179074168205261, 0.26521730422973633, -0.5916211605072021, -0.28659993410110474, -0.9877828359603882, -0.9722143411636353, -1.9522323608398438, 0.20848049223423004, 0.3229183554649353, 0.45844370126724243, 0.22210493683815002, -0.9042478799819946, -0.49714311957359314, -0.023959483951330185, -0.8226368427276611, -0.43756675720214844, 0.0572047084569931, 0.03730109706521034, -0.35695183277130127, -0.7528350949287415, 0.1767350435256958, -1.189474105834961, 0.7434508204460144, -0.5087231397628784, -1.075966477394104, -0.5798695087432861, -0.9889647960662842, 1.1445834636688232, -0.3677116930484772, 0.48475372791290283, 0.33690646290779114, 0.539955735206604, 1.5101542472839355, -0.4666830003261566, -0.7765932083129883, -0.10303530842065811, 0.08962874114513397, 0.11358964443206787, -1.0754021406173706, 1.397621750831604, -0.8551225662231445, 0.11792469769716263, 0.24616265296936035, -1.0789602994918823, 0.8460568189620972, -1.1670796871185303, -1.1838595867156982, 0.463075190782547, -0.4664434790611267, 0.22233609855175018, -0.32828038930892944, -0.6179335713386536, -1.5717562437057495, 0.20489998161792755, 0.49068203568458557, -0.22645175457000732, 0.8681519031524658, -0.6579951047897339, 0.20556104183197021, -0.4047822654247284, 0.4958850145339966, -0.022558316588401794, -0.17423056066036224, 0.6470775008201599, -0.5457190275192261, 0.941673755645752, -0.38117367029190063, -0.37248826026916504, -0.16558103263378143, 0.2740192413330078, -0.9844485521316528, 0.6983195543289185, 0.32614651322364807, 0.22631725668907166, -0.039145100861787796, 2.1229865550994873, 0.902448296546936, 0.6329529285430908, -0.17801901698112488, 0.044733110815286636, -0.2799363136291504, 0.3579835295677185, -0.4799942970275879, -0.8916012048721313, -0.10643128305673599, -0.03947433456778526, -0.2425597608089447, -0.5168288350105286, 0.6637691259384155, 0.6017239093780518, -0.5740623474121094, 0.19863760471343994, -0.9122816920280457, -0.5911135077476501, -0.5661426782608032, 0.43174877762794495, 0.05538604408502579, 1.0367945432662964, -0.4903312027454376, 0.8645784854888916, 1.7050106525421143, 0.057432107627391815, 0.04118786007165909, 0.38929879665374756, 0.3363325595855713, 0.6876786947250366, -0.298254132270813, 0.4078119695186615, 0.024320533499121666, -0.577174961566925, -1.460897445678711, -0.9351820945739746, -0.2540320158004761, 0.0947052538394928, -0.11189831793308258, 0.12547293305397034, -1.2764506340026855, -0.47933438420295715, 0.3190096616744995, -0.7268389463424683, 0.17345911264419556, -0.2743329405784607, -0.18648111820220947, -0.8596482276916504, 0.27194684743881226, -0.25171178579330444, 1.001335859298706, -0.08575809001922607, 0.8100146055221558, 0.19283649325370789, 0.06156110018491745, 0.3845953047275543, 0.16861014068126678, -0.31411606073379517, 0.4658539593219757, 0.08043238520622253, -0.4445275068283081, -0.2894071340560913, 0.8823021054267883, -0.5153636336326599, 0.11627234518527985, -0.2983889579772949, -0.41118139028549194, -0.0317414253950119, -0.3150598406791687, 0.7327044606208801, -0.07375980913639069, -0.9048897624015808, -0.6150330305099487, -0.02209172025322914, -0.2956680655479431, 0.7907583713531494, -0.6495194435119629, 0.7425925135612488, -1.2470307350158691, -0.3983025550842285, -0.45694106817245483, -0.8898074626922607, 1.1249873638153076, -0.7774893045425415, 0.07659701257944107, -0.5257559418678284, -0.45260509848594666, -0.07974672317504883, -0.826016366481781, -1.1393013000488281, 0.4953692853450775, -0.4973902702331543, 0.8526430130004883, 0.05684816464781761, -0.37051576375961304, -0.8576828241348267, 1.0869743824005127, 0.9058416485786438, -1.2248542308807373, -0.4361134171485901, -0.6046566963195801, -0.8099852800369263, 0.1046827957034111, -0.8039671182632446, 0.914799690246582, 0.7335205674171448, -0.012841973453760147, 2.904214382171631, 0.3768600821495056, -0.25352099537849426, -1.0554320812225342, 0.5259302854537964, -0.29924535751342773, -0.5926492214202881, -1.146077036857605, -0.3618350028991699, -0.4352819323539734]"
tkt_003,Request: Add SIMULIA integration to Aura,Would like Aura to be able to answer questions about SIMULIA workflows and provide direct links to SIMULIA documentation.,2024-05-22 11:45:00,,,usr_004,usr_008,sts_002,pri_002,cat_003,"[0.22964507341384888, 1.6866919994354248, -3.0753884315490723, -1.6548182964324951, 0.816746711730957, -0.7832615375518799, 1.1122684478759766, 0.8734031915664673, -0.7653996348381042, -0.727240800857544, -0.23172616958618164, 0.9016668200492859, 1.3106043338775635, 1.2766907215118408, 0.2196808159351349, -1.2197723388671875, 0.017283299937844276, -0.851978600025177, -0.8885759115219116, -0.2289358228445053, 0.01982160285115242, -1.606806993484497, -0.5597341060638428, -0.7920197248458862, 2.3085405826568604, 1.071425199508667, 1.5153918266296387, 0.23645052313804626, -0.48555439710617065, -0.4557296931743622, 0.8630625009536743, -0.618425190448761, -0.05270849168300629, 0.5548051595687866, 0.6514019966125488, -0.8339397311210632, -0.05826239287853241, 0.1282840222120285, -1.186854362487793, 1.3312363624572754, 0.9700897932052612, -0.5113221406936646, -0.018162697553634644, -0.2875739336013794, 0.8616646528244019, -1.0735526084899902, 2.345498561859131, 0.09404008090496063, 0.7768629789352417, -1.3940298557281494, -0.3502132296562195, -0.37879982590675354, -0.11488990485668182, 0.07052050530910492, 0.3271484971046448, 0.29460060596466064, 1.8942691087722778, 0.2098996341228485, 0.3154364824295044, -0.9931381344795227, 1.0519187450408936, 0.25428202748298645, -0.3310510814189911, 1.8664799928665161, 1.1432702541351318, -0.4828002452850342, -0.49119579792022705, -0.17501607537269592, -0.24202708899974823, -0.05028965324163437, 1.1108102798461914, 0.7338709831237793, 1.6362125873565674, 0.48107218742370605, 0.21038736402988434, -0.2112673819065094, -1.0668175220489502, -1.310021162033081, 0.2424592673778534, 1.090195655822754, 1.01200270652771, 0.5059409737586975, 0.9966059923171997, -0.20622099936008453, 0.13703569769859314, 0.16624009609222412, 0.3038026690483093, -0.7830212712287903, -0.11717511713504791, 0.7499544620513916, 0.5177620649337769, -0.3902326822280884, 0.04114963859319687, 0.32613036036491394, -0.9096851944923401, -0.1790967583656311, -0.0628063902258873, -0.2851904332637787, 0.05923619493842125, -0.9128793478012085, 0.10737547278404236, -0.028646573424339294, 0.17168787121772766, 1.0265703201293945, 0.40991026163101196, 0.008685335516929626, -0.8654404878616333, -0.4961536228656769, 0.09458309412002563, 0.8607068657875061, -0.13640151917934418, -0.4373747706413269, -0.6961115002632141, -0.5361440181732178, 0.4993783235549927, -0.6869300007820129, 1.0250272750854492, -1.4702324867248535, -0.08020156621932983, 1.3265879154205322, -0.6525688171386719, -0.4281977415084839, 1.6167941093444824, -0.7725298404693604, 0.40351802110671997, -0.2407809942960739, -1.2421119213104248, 0.1792885959148407, -0.5474196076393127, -1.431944727897644, -0.7388790249824524, -1.648421049118042, -0.06574155390262604, 0.05663638561964035, -0.3514431118965149, 1.099959373474121, 0.37960585951805115, -0.8332233428955078, -0.4155532121658325, 0.8373309373855591, 1.566406011581421, 0.20205058157444, -0.31955069303512573, 0.33828145265579224, 0.9005934000015259, -0.903949499130249, 0.733627438545227, 0.37291181087493896, -0.1657056361436844, -0.260311484336853, -0.23607370257377625, 0.4078543186187744, -0.749929666519165, 1.0332462787628174, 1.0136523246765137, -1.234652042388916, -0.39932942390441895, 0.022030916064977646, 1.0621756315231323, -0.24349983036518097, 1.00461745262146, -0.07510538399219513, -1.0676418542861938, -0.3670605421066284, 0.8535786867141724, -0.7078043222427368, 0.6243029832839966, 0.8703293800354004, 0.6394193172454834, -0.298897385597229, -0.2104320228099823, -0.5420674085617065, -1.018541932106018, 0.22569304704666138, 0.877617597579956, 0.8634655475616455, 0.3168221712112427, -0.6969863176345825, 1.6056756973266602, -0.6666611433029175, -0.2183571606874466, -1.29054856300354, 0.8426080942153931, -0.38423871994018555, -0.5956803560256958, -0.27539360523223877, -0.2320946305990219, -0.586444616317749, -0.6619530916213989, -0.0074637457728385925, 0.09681346267461777, 0.10295968502759933, -0.667375922203064, -0.29684528708457947, -0.5237430930137634, -0.1966467797756195, 2.0018794536590576, -0.2556225657463074, 0.08815363049507141, -0.2225298285484314, -0.9258142709732056, 0.21617060899734497, 0.1285436451435089, 0.32084012031555176, -0.1610686331987381, 0.4352896809577942, 0.519392192363739, 0.015983283519744873, 0.1452280879020691, -0.6224653720855713, 1.8283991813659668, -0.5361584424972534, -0.05462248623371124, -0.11454866081476212, 0.6685241460800171, -0.42772427201271057, 0.034600790590047836, -0.9125850200653076, 0.043063268065452576, 0.3011871576309204, 0.24450096487998962, -0.5531240105628967, 0.08842028677463531, -0.4048747718334198, -0.1437908411026001, -0.9454492330551147, -0.5083652138710022, 0.13836510479450226, -0.2791597247123718, -0.11077992618083954, -1.4053544998168945, -1.5791609287261963, 1.172521710395813, 0.41482990980148315, -0.05910930782556534, 1.4137635231018066, 0.5502287149429321, 0.5173490047454834, 0.021698838099837303, 0.04025929793715477, -0.02945401892066002, 0.5012194514274597, 1.3099687099456787, -0.24148187041282654, -1.6569187641143799, 0.26847177743911743, -0.08941572159528732, -0.5551334023475647, 0.166940838098526, 0.9294077157974243, -0.5999876260757446, 0.07149556279182434, 0.5514424443244934, 0.847640872001648, 0.43682071566581726, -0.929904580116272, -0.10110011696815491, -0.15321792662143707, 1.5297489166259766, -0.5953028202056885, 1.2478138208389282, -0.5350661277770996, 1.1209906339645386, -0.7148519158363342, -0.671693742275238, -0.3263814151287079, 0.00748015008866787, -0.5994613170623779, -0.04996035248041153, -0.8544986248016357, 0.6478549242019653, 0.5816227793693542, -0.42081302404403687, 0.08357890695333481, 0.3542698621749878, 0.02118866518139839, 1.3508960008621216, 0.03177575767040253, -0.49670207500457764, 0.784011721611023, -1.3060736656188965, -1.8462644815444946, -0.1287938505411148, 0.7077322006225586, -0.7956540584564209, 0.3772737681865692, 0.41965293884277344, 1.6025540828704834, 0.08425483107566833, 0.4452936351299286, 0.9862218499183655, -0.21969403326511383, -0.8693234324455261, -0.15739449858665466, -0.6836458444595337, 0.8760677576065063, 1.4704334735870361, 0.09752650558948517, 0.07364250719547272, -0.016857489943504333, 0.4471466839313507, 0.9042712450027466, 1.141237497329712, -0.5416457653045654, -0.05902158096432686, -0.5350354909896851, -0.030261460691690445, -0.41572970151901245, 1.7051013708114624, 0.23594245314598083, -0.17749854922294617, -0.30255937576293945, -0.10692420601844788, 0.004132792353630066, -0.5697486996650696, 0.8066208362579346, 0.28645357489585876, 1.1773569583892822, 0.39510929584503174, 1.1217632293701172, -0.4606582820415497, -1.4025213718414307, -0.13596327602863312, -0.4429633319377899, -0.035670794546604156, 0.9296688437461853, -0.16853685677051544, 1.5059292316436768, -0.7284997701644897, -0.14493229985237122, -0.4162260591983795, 0.3308686316013336, 0.6036355495452881, -1.3508775234222412, 0.21253949403762817, 1.0702311992645264, 0.26231521368026733, -0.2901334762573242, 0.7555391788482666, 0.6953341960906982, -0.0013906881213188171, -0.9053417444229126, 0.4412271976470947, -0.8767602443695068, -0.6868211030960083, -0.46041542291641235, -0.5777971744537354, 0.1615603119134903, 1.320992350578308, 0.871081531047821, 0.18631991744041443, 0.3309701085090637, 0.18147075176239014, -0.920884907245636, 0.46130770444869995, -0.6189836263656616, 0.9753741025924683, 1.2880911827087402, 0.23079055547714233, 0.41338515281677246, 0.7497291564941406, 0.005586076527833939, 0.3615381717681885, -1.4940149784088135, 0.31747835874557495, 1.165903091430664, 0.6352829337120056, 0.36651304364204407, 0.4856410026550293, -0.013550233095884323, 0.9386776685714722, -0.6250625252723694, -0.7568968534469604, 0.8769305348396301, -0.07966479659080505, -0.29786378145217896, -1.5492637157440186, -0.02198171801865101, 0.5325329303741455, 0.8537250757217407, 1.1069762706756592, -0.5543181896209717, 0.2530210316181183, 0.03937871754169464, 1.210659146308899, 0.34390154480934143, 0.27918633818626404, 0.30067217350006104, -0.16300076246261597, -0.9931802153587341, 0.09644517302513123, -0.9359757900238037, -0.7098381519317627, -0.2789030373096466, 0.20314833521842957, -1.4066195487976074, 1.0320390462875366, -0.6555849313735962, -0.6011371612548828, 1.7115747928619385, -0.9076562523841858, -0.8106985688209534, 0.9588346481323242, 0.26603028178215027, -0.8476924896240234, -0.7299780249595642, -0.4695366322994232, -0.8619698286056519, 1.26810884475708, 0.5878767967224121, 0.015433438122272491, 0.18661950528621674, 0.41992706060409546, -1.0228288173675537, 0.2613561451435089, -0.007902584969997406, 0.8731660842895508, 0.012574968859553337, -0.7519057989120483, -0.28588640689849854, -0.6611451506614685, -0.587598979473114, -0.26558470726013184, 1.1134343147277832, 0.08546668291091919, 1.0289276838302612, 0.7862378358840942, 1.1919955015182495, -0.09406423568725586, -2.1087684631347656, 0.07130219042301178, 0.36676618456840515, 1.1089067459106445, 0.653749942779541, -0.71478670835495, -0.7427514791488647, -0.0926562026143074, 0.0347878597676754, -0.08289936184883118, 0.38543665409088135, -0.21468229591846466, -0.15665389597415924, -0.5519133806228638, -1.046141505241394, 0.3233221471309662, 2.0961108207702637, -0.06037528067827225, -0.807788074016571, -1.5351576805114746, 0.556610107421875, 0.7017831206321716, -0.273491770029068, -0.25034722685813904, 0.8510555028915405, 1.3771750926971436, -0.3551098108291626, 0.20043566823005676, -0.24995918571949005, 0.39559751749038696, 0.43263131380081177, 0.44739246368408203, 0.7738752365112305, -0.09411066770553589, 0.33000582456588745, 0.8672986030578613, -1.3875129222869873, 0.48474547266960144, -1.0557936429977417, 0.6415705680847168, 0.4463421106338501, -0.9701448678970337, 0.24442115426063538, 0.9655026197433472, -0.9303234815597534, -0.6370189785957336, -0.409667432308197, -0.5435103178024292, -0.06380507349967957, 0.2759873569011688, 0.705230712890625, -0.6997788548469543, -0.1894250512123108, -1.163017749786377, -0.6447669267654419, -0.1582905352115631, 0.14091897010803223, -0.41262751817703247, -0.09617830067873001, 0.29457950592041016, 0.27210646867752075, 0.7702011466026306, -0.04827490821480751, 0.5852855443954468, 0.07284236699342728, -0.08874613791704178, 0.04652170091867447, -0.12098167836666107, 0.6686291694641113, 0.3776141405105591, -0.03977688401937485, -0.1494622677564621, 1.3160531520843506, -0.968636691570282, 0.029720082879066467, -0.1182275339961052, -0.7563301920890808, 0.5530619025230408, -0.5995169281959534, -0.9797065258026123, 0.6541555523872375, -0.29608795046806335, -0.6120866537094116, 0.06402117013931274, 0.2693355679512024, -0.057403068989515305, -0.7068277597427368, 1.0223497152328491, -0.5850710868835449, -0.7859129905700684, 0.4257009029388428, -0.8374625444412231, -1.1932865381240845, -0.8726163506507874, -1.0704524517059326, -1.2407097816467285, 0.8327518701553345, 0.9391839504241943, -0.5957176685333252, 1.3493789434432983, -0.41423821449279785, 0.3769466280937195, 0.7644913792610168, -1.091409683227539, -0.5260560512542725, 0.4432579576969147, -0.2231416553258896, -0.6915755271911621, 1.3867355585098267, 0.1827625334262848, 0.941832959651947, -0.057201869785785675, -0.24899908900260925, 0.11364270001649857, 0.6862291097640991, 0.4703773856163025, -0.6925623416900635, 0.6072198152542114, 1.210623860359192, -0.08900539577007294, -1.3705894947052002, 0.7003299593925476, -1.7125089168548584, 1.143476128578186, -0.5388613939285278, 0.1869789958000183, -1.4803030490875244, 0.4800763428211212, -0.4183540940284729, -0.19270825386047363, 0.33911097049713135, 0.5202950835227966, -0.6315546035766602, 0.7439069151878357, 1.031937599182129, 0.13724969327449799, -0.8929239511489868, 1.22243332862854, 0.42930251359939575, 0.9097521901130676, 0.5495977401733398, -0.2826005220413208, -1.7182480096817017, -0.590308666229248, -1.4266444444656372, 0.786848783493042, -0.8235125541687012, 1.3716254234313965, -0.23448967933654785, -0.9347894191741943, -0.7886703014373779, -0.9807550311088562, -1.896753191947937, 0.2852746844291687, 0.6291447281837463, 0.16591185331344604, -0.32430487871170044, -0.9787887334823608, 0.22026114165782928, 0.28506577014923096, -0.49476975202560425, -0.16123327612876892, -0.5387011766433716, -0.031243901699781418, -0.5583742260932922, -0.285965234041214, 0.359952449798584, -1.105735421180725, 0.11503119766712189, 0.0740867480635643, -0.47256913781166077, -0.5216323733329773, -0.6387057304382324, 1.1882381439208984, -0.11261792480945587, -0.8659759759902954, 0.8737810254096985, 0.6377345323562622, 0.5240798592567444, -0.8429596424102783, -0.4405604600906372, -0.07661256194114685, 0.3067496418952942, 0.10810817778110504, -0.03281056135892868, 1.1780433654785156, -0.9495501518249512, 0.052432868629693985, -0.2669242024421692, -0.07265235483646393, 0.13552546501159668, -0.8165249824523926, -1.4640533924102783, 0.9471422433853149, 0.16064563393592834, 0.5639042854309082, -1.0611467361450195, -1.3506220579147339, -0.3718910217285156, 0.2904556691646576, 0.6411415338516235, -0.24964597821235657, 0.9544581174850464, -1.0446690320968628, -0.1468280851840973, -1.5239274501800537, 0.16758611798286438, 0.3840346932411194, -1.079526662826538, 0.4611612856388092, 0.353991836309433, 0.0910862609744072, -0.27976205945014954, 0.3489227592945099, 0.5407370328903198, 1.0361614227294922, -0.6532485485076904, 1.3838742971420288, 0.19831544160842896, 1.1735984086990356, -0.12471547722816467, 1.7845510244369507, 1.0293715000152588, 1.125699520111084, -0.11252741515636444, -0.5942871570587158, -0.6000356674194336, 0.662050724029541, -0.5977627038955688, -2.1371397972106934, 0.057389065623283386, -0.7813306450843811, -0.23855461180210114, -0.47583043575286865, -0.5028908252716064, 0.639667272567749, -0.6290509700775146, 0.6148226857185364, -0.5840163230895996, -0.24887536466121674, 0.2625027894973755, 0.042326491326093674, 0.8936331868171692, -0.3154016137123108, -0.570219874382019, -0.4886403977870941, 0.563148021697998, 1.0840295553207397, 0.28914719820022583, 0.2689003646373749, -0.48833054304122925, 0.6688982844352722, -0.3258419334888458, 0.4121955931186676, 0.5473648905754089, -0.5205320715904236, -1.4100686311721802, 0.41342923045158386, 0.14848551154136658, -0.2512204647064209, -0.033228497952222824, -0.45731282234191895, 0.06332684308290482, -0.6376988887786865, -0.5417306423187256, -0.14029227197170258, -0.17130866646766663, -0.2174922078847885, -0.6716840267181396, -1.3493412733078003, 1.5646672248840332, -0.6964914798736572, 0.2332068830728531, -0.13676106929779053, 0.7781246304512024, -0.11587003618478775, -0.03890465945005417, 1.1687331199645996, 0.27247658371925354, -0.9086846709251404, -0.17562489211559296, -1.2355773448944092, 1.2577614784240723, -0.3475204408168793, 1.7012463808059692, -0.7269396781921387, 0.341857373714447, -0.45779362320899963, 0.37041494250297546, 0.2248077392578125, -0.10818061232566833, 0.4174466133117676, -0.3350831866264343, -1.8451948165893555, -0.686352014541626, 0.07186562567949295, 0.1839558333158493, 0.9030682444572449, -1.186805248260498, 0.3580731451511383, -0.9604173898696899, 0.16037467122077942, -0.24187633395195007, -0.2466895431280136, 1.276934027671814, -1.14119553565979, -0.05409875139594078, -0.41836079955101013, -1.206946611404419, -0.9687806367874146, -0.22828376293182373, -0.9189659357070923, -0.9454775452613831, -0.7123740911483765, 0.7858436703681946, -0.013748899102210999, -0.34667351841926575, -0.09882696717977524, 1.4604829549789429, 0.5283377170562744, -0.3698892593383789, -0.26227879524230957, -0.35961025953292847, -1.577561378479004, 0.11893348395824432, 0.5395263433456421, 0.9896352291107178, 0.012798033654689789, 0.39990654587745667, 2.162625789642334, 0.7079066038131714, 0.22791044414043427, -0.6480413675308228, 0.21251794695854187, 0.1228659376502037, -0.1550971418619156, -1.03434157371521, -0.49697935581207275, -0.6722475290298462]"
tkt_004,Aura very slow response times,Aura is taking 30+ seconds to respond to simple questions. This is significantly slower than usual.,2024-05-23 08:20:00,,Identified server load issue during peak hours. Implemented load balancing solution.,usr_007,usr_005,sts_005,pri_003,cat_006,"[1.5346336364746094, 1.1073193550109863, -3.794154167175293, -0.748816728591919, 1.4306950569152832, 0.441545307636261, 2.6921133995056152, -0.18840250372886658, 0.7180629372596741, 0.3213493227958679, 0.6128427386283875, 0.7437344193458557, 0.2991437315940857, 1.3017216920852661, 0.02038092166185379, -1.829791784286499, 1.1172261238098145, -0.5835135579109192, -0.3104918301105499, -0.03415139764547348, 0.2984345555305481, -0.7816994190216064, -1.1871459484100342, -0.3050207793712616, 0.9776601791381836, 1.1198608875274658, 0.08003382384777069, 0.5108402371406555, -0.31988197565078735, 0.49380770325660706, 0.9457062482833862, -0.062042415142059326, -0.591383159160614, 0.012792576104402542, -0.3256189227104187, 0.5153074860572815, 0.34107089042663574, -0.424882173538208, 0.8529029488563538, 1.4283251762390137, 1.1334699392318726, -1.7890620231628418, 1.502762794494629, 0.33960580825805664, 1.1392834186553955, -0.15399426221847534, 1.3636037111282349, 0.8946523666381836, -0.9532517194747925, -1.7450323104858398, -0.39689719676971436, -0.6272073984146118, -0.08131662756204605, -0.1901245266199112, 0.17746785283088684, 0.37416571378707886, 0.056362878531217575, 0.7563256025314331, -0.12216010689735413, -0.9030442237854004, 1.4061408042907715, -0.538346529006958, -0.3815818428993225, 1.6533987522125244, 0.7760130167007446, -0.4291664958000183, 0.6929364800453186, -0.08190730214118958, 0.31929391622543335, -0.3585512936115265, 0.15450172126293182, -0.3696914613246918, -0.4771875739097595, -0.701404333114624, 0.3072345554828644, -0.9496697187423706, -0.6262511014938354, -0.9829456806182861, 0.08926071971654892, 0.6232340335845947, -0.21620696783065796, -0.2289445847272873, 0.10325776040554047, 0.02065110206604004, 0.7877662777900696, 0.19453316926956177, -0.6921196579933167, 0.2197120487689972, 0.7155198454856873, 1.6795966625213623, 0.6919156312942505, -0.9797797203063965, 0.2453906536102295, -0.3020508885383606, -1.202497959136963, 1.4941492080688477, 0.16997556388378143, -0.6503524780273438, -1.189432144165039, -0.48902493715286255, -0.24139562249183655, 0.3795521855354309, -0.39544183015823364, -0.10302302986383438, 0.2870836853981018, 0.1436191201210022, -1.1598478555679321, 0.06164005398750305, -1.1503403186798096, 0.2533317804336548, -0.8810059428215027, 0.1538296639919281, -0.25988298654556274, -0.545508623123169, -0.024393878877162933, 0.010605867952108383, 0.97297602891922, -1.3358875513076782, -0.33422350883483887, 0.20960140228271484, -0.03861148655414581, -0.47618329524993896, -0.07701608538627625, 0.23328202962875366, 0.13125357031822205, 0.6681174039840698, -0.5380793809890747, 0.5930638313293457, 0.009530268609523773, -0.014395156875252724, -1.148665428161621, -0.6597968339920044, -0.44272488355636597, -0.3726792335510254, -0.8295577764511108, -0.1353621631860733, -0.13373291492462158, -0.4218924045562744, 0.025710737332701683, 0.2593432068824768, 0.8174784183502197, -0.34686753153800964, 0.8496052622795105, -0.6030714511871338, 0.34858280420303345, -0.6040587425231934, 1.1096327304840088, -0.08264665305614471, -0.3372849225997925, -0.9101536273956299, 0.6594169735908508, 0.49207592010498047, -0.1844663918018341, 0.23462609946727753, 0.8928554654121399, -0.16901010274887085, -0.39043208956718445, 0.6433035731315613, 0.312208890914917, -0.08751474320888519, 1.1595900058746338, -0.2091832160949707, -0.20073817670345306, 0.2858128845691681, 0.7569135427474976, -0.8431463241577148, 0.9232296347618103, 0.9034303426742554, 1.1631454229354858, -0.4655861556529999, -0.7478940486907959, -0.7906086444854736, -0.6350095272064209, -0.22470757365226746, 1.0480146408081055, 0.034508116543293, 1.6462740898132324, -1.2667518854141235, -0.06038287281990051, -0.6638918519020081, -0.2053079903125763, -1.3592567443847656, 0.007077452261000872, -0.53226637840271, 0.20066076517105103, -0.7399510741233826, 0.9733372926712036, -0.01377011090517044, -1.1695175170898438, -1.1436411142349243, -0.22659581899642944, -0.39055415987968445, -1.247671127319336, -0.35486114025115967, 0.41588157415390015, -0.3329808712005615, 1.071857213973999, 0.11635464429855347, 0.049023762345314026, 0.11704295873641968, 0.04013092815876007, -0.9553401470184326, 0.7888188362121582, 0.3641878068447113, 0.17682808637619019, 0.2896527647972107, -0.5542851686477661, 0.22691571712493896, 0.43061715364456177, -0.2128458470106125, 1.8040083646774292, -0.0315229669213295, -0.10787053406238556, 0.08425220847129822, 1.2440145015716553, -0.15260466933250427, -0.5364112257957458, 0.027041664347052574, 0.6828415989875793, 1.1916730403900146, 0.37548208236694336, -0.6837100386619568, 0.23624590039253235, -1.2252835035324097, 0.30109190940856934, -1.2940481901168823, -0.6627457141876221, -0.22124944627285004, -0.0577864944934845, 0.04725779592990875, 0.06253043562173843, -1.3554916381835938, 1.2799758911132812, 0.43281155824661255, -0.7605195045471191, 0.3820701241493225, 0.3665844798088074, -0.16240958869457245, -0.26079240441322327, -0.03328970819711685, -0.021209225058555603, 1.4246997833251953, 1.1336174011230469, 0.7947434782981873, -1.2784841060638428, -0.4693085551261902, -0.6845293045043945, -0.6041063666343689, -0.6728346943855286, 0.694480299949646, -0.7500547766685486, 0.25804778933525085, 0.52452152967453, 0.044792238622903824, 0.8489325046539307, -0.24054330587387085, 0.04494118317961693, -0.6330012083053589, 1.4719693660736084, -0.8445841670036316, 0.34859925508499146, -0.08669675141572952, 1.035049319267273, -0.9099329710006714, -0.8051711320877075, -0.5777224898338318, -0.21454374492168427, 0.6467416286468506, -0.2645995616912842, -1.1421003341674805, 0.5066795945167542, 0.2504574656486511, -0.6371320486068726, 0.25921958684921265, 0.8069720268249512, -0.4534476101398468, 1.0902644395828247, -0.9230009317398071, 0.34741681814193726, 0.6742604970932007, -0.8136849999427795, -1.1902567148208618, -0.677473783493042, 1.3107020854949951, 0.293979287147522, 0.5726563930511475, 0.2972811758518219, 0.9584137201309204, -0.0961691290140152, 1.2110373973846436, 0.474915087223053, 0.18726742267608643, -1.1955492496490479, 0.987490713596344, -1.0912861824035645, 0.8659355640411377, 0.7463183403015137, -1.338295817375183, 0.7081724405288696, 0.17174167931079865, 1.152793526649475, 0.31460848450660706, 1.097015142440796, 0.928735613822937, 0.3779010772705078, -0.9879702925682068, 0.5563510060310364, -0.9815971255302429, 0.7552095055580139, 0.16167180240154266, -0.12922003865242004, -0.20229363441467285, -0.5719177722930908, 0.33955076336860657, 0.07728414237499237, -0.6477538347244263, 0.23985303938388824, 1.095801830291748, 1.331167221069336, 0.8697351217269897, 0.03707243502140045, -1.2320111989974976, -0.6172025203704834, -0.004850691184401512, -0.06767570227384567, -0.17407168447971344, -0.2503880262374878, 1.384861707687378, -0.8752871155738831, 0.5013859272003174, 0.5710374712944031, 0.07276996225118637, -0.10758572071790695, -1.164266586303711, 0.0474647656083107, 0.38237637281417847, 0.9164799451828003, 0.738979697227478, 0.13287745416164398, -0.4406644105911255, -0.3290334641933441, -0.8598852157592773, -0.2028040885925293, -0.17455443739891052, -0.3139858841896057, -0.9886807799339294, -1.2331233024597168, -0.3626285791397095, -0.4057490825653076, 0.005754478275775909, 0.3140842914581299, 0.7228986024856567, 0.1676711142063141, -0.3395470678806305, 0.7251293063163757, -0.21609336137771606, 0.79325932264328, 0.2944449186325073, -0.343118280172348, -0.2691771388053894, 0.9156973361968994, 0.395565927028656, 0.26555460691452026, -0.9529799222946167, -0.4239439368247986, 0.7592599391937256, 0.11172964423894882, -0.4938611686229706, 0.7437514066696167, -0.26729321479797363, 0.2620954215526581, -0.6797364354133606, -1.0312581062316895, 0.7255347967147827, 0.5148720741271973, 0.39507603645324707, -1.1437914371490479, -0.5662662982940674, 0.6137164831161499, 1.0904607772827148, 0.3826565742492676, -0.9947993755340576, 0.3177372217178345, -1.4284414052963257, 1.1180469989776611, 0.3885674476623535, -0.22455452382564545, -1.5138249397277832, -0.08874715864658356, -0.9572208523750305, 0.5324678421020508, -0.778170645236969, -1.4968738555908203, 0.046274758875370026, 0.5510315299034119, -1.6078736782073975, 1.1574602127075195, 0.8048558831214905, 0.40554308891296387, 0.5357586741447449, -0.4499947428703308, -1.0750558376312256, 0.6447985768318176, 0.27817416191101074, -0.8323647379875183, 0.0695185512304306, -1.1257619857788086, -0.34588849544525146, 0.03240817412734032, 0.30231717228889465, -0.43515148758888245, -0.10107994824647903, -0.3552398085594177, -1.6028730869293213, -0.0020156875252723694, 1.3213191032409668, 1.3904612064361572, 0.8132257461547852, -0.49077534675598145, -0.9689584374427795, 0.6544227004051208, 0.8309284448623657, -0.172275573015213, -0.17965245246887207, 0.21733736991882324, 1.061213731765747, 1.0116209983825684, 1.2716935873031616, 0.1810055524110794, -0.7693373560905457, 1.445108413696289, -0.09591051936149597, 1.0475826263427734, 0.6087509989738464, 0.061041057109832764, 0.5466665625572205, -0.21822994947433472, -0.3193677067756653, 1.4404547214508057, 1.0303987264633179, 0.31204578280448914, 0.15297581255435944, 0.15881194174289703, -0.4360646605491638, -0.18664053082466125, 1.640589714050293, 0.2771145701408386, -0.788514256477356, -1.8054189682006836, -0.31840598583221436, -0.21398839354515076, 0.6241494417190552, 0.7736027836799622, -0.14727823436260223, 0.37306442856788635, -1.066274642944336, 0.8353837728500366, 1.010581612586975, 0.6288562417030334, 1.841652750968933, -0.30042845010757446, 1.198485016822815, -0.8114569187164307, -0.08322488516569138, 0.687537670135498, -0.1619838923215866, 0.22028347849845886, -0.2598186731338501, -0.07590048760175705, -0.37378978729248047, -1.1992415189743042, -0.8616019487380981, 0.714625358581543, -1.0673075914382935, -0.9858708381652832, 0.029284648597240448, 0.5089974403381348, 0.2518628239631653, 0.6663088798522949, 1.638771891593933, 0.3252575397491455, -0.4395717978477478, -1.002913475036621, -0.05832109972834587, -0.43165498971939087, 0.42377471923828125, 0.4672762453556061, -0.1504521667957306, 0.5525898933410645, -0.636384904384613, 1.0952887535095215, 0.594862699508667, -0.4090755581855774, 0.055209577083587646, 0.13043802976608276, 0.5054407119750977, -0.10196785628795624, 0.8617651462554932, 0.4145244359970093, 0.24915266036987305, -1.0834505558013916, 0.9075478315353394, -0.6010746955871582, -0.6675316095352173, -0.07985146343708038, -0.26676782965660095, -0.20323185622692108, -1.6683704853057861, 0.06449167430400848, 1.1204394102096558, -0.8061903715133667, 0.8676180839538574, 1.194115400314331, -0.7380138039588928, 0.08234672248363495, -0.07130135595798492, 1.0658570528030396, -0.44293516874313354, -0.2936091423034668, 0.403445303440094, 0.8820245265960693, -0.4685201644897461, -0.31062349677085876, -0.39385437965393066, -0.9437610507011414, 1.1361236572265625, 0.21954768896102905, -1.3733811378479004, 0.42084208130836487, -0.8847363591194153, 0.8572345972061157, -0.330565869808197, -1.1727957725524902, -1.242548942565918, 0.12985363602638245, 0.1937665045261383, 0.19201752543449402, -0.2682468593120575, -0.3554263710975647, 0.40422290563583374, -0.334682822227478, -0.26277369260787964, 0.1358891874551773, 0.07715389132499695, 0.044294942170381546, -0.20290127396583557, 0.6459431648254395, -0.01917126774787903, -0.6150463819503784, -0.8266026377677917, -0.16245555877685547, -1.131510615348816, 0.3128765821456909, -0.24062594771385193, 0.1392984688282013, -0.4599987268447876, -0.5465830564498901, -0.413881778717041, 0.20735998451709747, 0.019754376262426376, 0.5311856865882874, -0.1345672905445099, 1.401552677154541, -0.019888699054718018, 0.6220932006835938, -1.5302793979644775, 0.11510701477527618, 0.006269875913858414, 0.3240193724632263, 0.6792502403259277, 0.8841016888618469, -0.6798540353775024, -0.06110922247171402, -1.1389460563659668, 0.6673677563667297, -0.013588793575763702, 0.054907578974962234, -0.5754931569099426, -1.0855116844177246, -0.7951099872589111, -0.38671499490737915, -1.131593942642212, -0.19795069098472595, 0.7780714631080627, 1.3777626752853394, -0.03425082191824913, -0.03840808942914009, 0.5795029997825623, 0.4847419857978821, -0.6641501188278198, -0.659423828125, -0.8362187147140503, -0.19901859760284424, -1.5551245212554932, -0.25056105852127075, -0.5498731136322021, -0.9473089575767517, -0.235537588596344, -1.3310508728027344, -0.3300977349281311, -0.40833237767219543, -0.8612037301063538, 0.744168758392334, -1.190524935722351, 0.13879579305648804, 0.09484977275133133, 1.0223698616027832, 0.9195908308029175, -0.6274780035018921, -0.06449642032384872, 0.3105548024177551, 0.24588680267333984, 0.718792200088501, -0.1524609625339508, 0.3397427797317505, -0.99803626537323, 0.4297095537185669, -0.2723235785961151, -0.05685683339834213, -0.006390780210494995, -1.279484510421753, -0.4970187544822693, -0.21910130977630615, -0.2515096962451935, 0.7762629985809326, -0.8244229555130005, -0.8544626235961914, -1.6066911220550537, -0.647026002407074, 0.5676895380020142, 0.6199100613594055, 0.49769073724746704, -0.6286766529083252, 0.31051769852638245, -0.31223905086517334, -0.6377720236778259, 0.1722000390291214, 0.03784438967704773, -0.09017852693796158, 0.19800302386283875, 1.506059169769287, -1.1629188060760498, -1.2002055644989014, -0.12159284949302673, 0.209335595369339, -0.6724598407745361, 1.149670124053955, 2.089869499206543, 1.3410815000534058, -0.39107808470726013, 1.6265199184417725, 1.5694937705993652, 0.7912880182266235, -0.37869763374328613, 1.074281930923462, -0.4851803779602051, 0.46127694845199585, -0.022797856479883194, -0.5169357061386108, -0.7328171133995056, -0.42724913358688354, 0.20483392477035522, -0.6455522775650024, 0.38484981656074524, 0.5485208034515381, -0.4425758123397827, -0.148023784160614, -0.5783663988113403, 0.22160667181015015, -0.3743128776550293, 0.9263911843299866, -0.2303013801574707, 0.6756761074066162, -0.8588285446166992, 0.8437415361404419, 1.2748000621795654, 0.0904679000377655, -0.5569526553153992, 0.3995700180530548, -0.09210960566997528, -0.3671303689479828, -0.7540441751480103, 0.8954722881317139, -0.20270608365535736, -0.39247193932533264, -0.0416523702442646, -1.3064827919006348, -0.09026147425174713, -0.11633064597845078, -0.40530651807785034, 0.4217652976512909, 0.6581125259399414, -0.5563098788261414, 0.24026630818843842, -0.09138762950897217, 0.07875330001115799, 0.2234247773885727, -0.24909693002700806, -0.3977504372596741, 1.0868760347366333, -2.2866907119750977, 0.7915538549423218, 0.30404767394065857, 0.9118810892105103, 0.24551896750926971, -0.2617287039756775, 0.1858723908662796, -0.2679349184036255, 0.18811765313148499, 0.4938473105430603, 0.6990396976470947, 0.7763693928718567, -1.324243426322937, 1.4543097019195557, -0.09406187385320663, -0.4600917100906372, -0.17178957164287567, -0.9043947458267212, -0.4115370512008667, -0.30848169326782227, 1.285685420036316, -1.0693296194076538, -0.9689924716949463, -0.7663280963897705, 0.4655001759529114, -0.38070952892303467, 1.2460808753967285, -0.7493545413017273, 1.2324607372283936, -0.6941909790039062, -0.275518536567688, -1.1215074062347412, -0.9762876629829407, 0.9645193815231323, -0.6712179183959961, 0.4369138479232788, -0.2562265694141388, 0.050178080797195435, -1.5700584650039673, 0.24466082453727722, -0.5009909868240356, -0.16631053388118744, -0.82796710729599, 1.6605924367904663, 0.7412070631980896, -0.588593602180481, -0.001213250681757927, 1.2110493183135986, 0.05984586849808693, -0.7177402377128601, -0.170583114027977, -0.6668570041656494, -1.588637113571167, -0.17485672235488892, -0.32992318272590637, 0.8696371912956238, 0.620789647102356, 0.23050972819328308, 2.063228130340576, -0.46784260869026184, -0.3030775785446167, -0.8605188727378845, -0.09585017710924149, -0.25024428963661194, 0.2036781907081604, -0.730789303779602, -0.3410305380821228, -0.4729629158973694]"
tkt_005,Error when asking about employee directory,Getting 'Service Unavailable' error when asking Aura to lookup employee information. Works for other queries.,2024-05-24 16:10:00,,Directory service integration was down. Restored connection and verified functionality.,usr_009,usr_002,sts_005,pri_003,cat_007,"[0.03396930918097496, 0.61357581615448, -3.3306236267089844, -1.2313392162322998, 1.1836003065109253, 0.5198526382446289, 0.7336134314537048, -0.004296168684959412, 0.6759815812110901, -0.18081364035606384, 0.6709029674530029, 0.9599413871765137, 0.2009250968694687, -0.08492705225944519, -0.4845324158668518, 0.07923369109630585, 0.3498380780220032, -0.48117589950561523, -1.032875657081604, -0.49837827682495117, 0.2965439558029175, -0.842052698135376, -0.063753142952919, 0.4348987936973572, 1.7316919565200806, 0.3622201383113861, 0.04674267768859863, 0.8447960615158081, -0.620367169380188, 0.18076807260513306, 0.1298982799053192, 0.8640437126159668, 0.927486002445221, -0.5761173963546753, -0.7453423738479614, -0.4609590172767639, 0.1153518408536911, 0.13572478294372559, -0.07944989949464798, 1.4386852979660034, 0.8764756917953491, -1.452377438545227, 0.22748616337776184, -0.8841559886932373, 0.335134893655777, -1.2252321243286133, 1.5674405097961426, 1.4674499034881592, 0.8069596290588379, -1.2406655550003052, 0.9248664379119873, -0.5843814015388489, 0.29327481985092163, -0.19115376472473145, 0.4403975009918213, -0.011516942642629147, 0.5086435079574585, 0.7264958024024963, -0.8566068410873413, -0.4622265100479126, 2.1422414779663086, 0.5136359930038452, 0.48243051767349243, 0.90519779920578, 0.45035189390182495, -0.2952549159526825, -0.5651624798774719, 0.211457759141922, 0.3595135807991028, -0.5229973196983337, 0.9606621861457825, 0.43811190128326416, 0.008633878082036972, 0.22609871625900269, -0.41498130559921265, -0.03880108892917633, -1.0493218898773193, -0.7400906085968018, -0.6204240322113037, 0.910208523273468, 0.6656296253204346, 0.8287592530250549, 0.38708895444869995, -0.31371989846229553, 0.38754668831825256, 1.0483951568603516, 0.3068084120750427, -0.48424381017684937, 1.2054389715194702, 0.5292308330535889, -0.2062150239944458, 0.2076960802078247, 1.1316792964935303, 0.3364674746990204, -1.219326138496399, 0.09850846230983734, 0.5317097902297974, -0.3421626091003418, 0.06191018223762512, -0.9946843385696411, -0.12526483833789825, -1.0740464925765991, -1.0967837572097778, 0.274135559797287, 0.5005525350570679, 0.10549318790435791, -0.2606319189071655, 0.42727982997894287, -0.92161625623703, 0.4547693729400635, 0.1431257128715515, 0.6619668006896973, 0.15630488097667694, 0.06544910371303558, 0.017338445410132408, 0.16708938777446747, 1.74653959274292, -1.0072813034057617, -0.5374559760093689, 0.3787916302680969, -0.5154885053634644, 0.03764555603265762, 0.764422595500946, 0.8548070788383484, 0.375415563583374, 0.4690112769603729, -1.1841223239898682, 0.827199399471283, 0.2039555162191391, -0.6507627964019775, -0.9051008820533752, -0.3099414110183716, 0.0014709234237670898, 0.363890677690506, 0.2881097197532654, -0.18072675168514252, 0.01639924943447113, -0.9165010452270508, -0.29409265518188477, 0.26395362615585327, 0.9613228440284729, 0.39238226413726807, 0.286376416683197, -0.12535099685192108, 1.381658673286438, -0.6421173810958862, 0.11188814043998718, -0.16787108778953552, 0.032504089176654816, 0.5626245737075806, -0.8513290286064148, 0.3025570511817932, -0.674582839012146, -0.13396161794662476, 0.7716382741928101, -1.3055890798568726, -0.3835262656211853, 0.7723787426948547, 1.0697195529937744, -0.39702141284942627, 1.159257411956787, 0.18156616389751434, -1.7389065027236938, -0.15498337149620056, 1.0870065689086914, -0.7170183658599854, 0.5571194887161255, 1.2781649827957153, 0.015986066311597824, 0.06264284253120422, -1.085746169090271, -0.477995365858078, -0.057832248508930206, -0.4746054410934448, 0.6110457181930542, 1.0185197591781616, 0.9287999868392944, -0.18139857053756714, 1.1859984397888184, -1.2609796524047852, 0.4446476995944977, -1.1096458435058594, 0.6647188663482666, 0.4241463243961334, -0.24623724818229675, -0.5611333847045898, -0.01513642817735672, -0.5237048864364624, -0.5247082710266113, -1.7298455238342285, -0.03637690842151642, -0.05402422696352005, 0.08128324151039124, 0.12968559563159943, -0.06855857372283936, -0.26038658618927, 0.6997982859611511, -0.4411393105983734, 0.4869161546230316, -0.005555102601647377, -0.14449664950370789, 0.018190966919064522, -1.0548317432403564, 0.6021573543548584, -0.4421633183956146, 0.7364527583122253, -0.469681054353714, 0.4725573658943176, 0.9360469579696655, -0.3188866972923279, 1.3816447257995605, -0.9083023071289062, 0.4918063282966614, -0.6344978213310242, 0.8839617967605591, -0.9814071655273438, 0.19822494685649872, -0.6345937252044678, -0.26440975069999695, 0.8061046004295349, 0.12041295319795609, -0.48659834265708923, 0.2941163182258606, -0.13853120803833008, 0.5757184028625488, -0.22044046223163605, -0.7754393219947815, -0.9919061660766602, -0.10392333567142487, -0.2197951376438141, -0.4315439760684967, -1.6185599565505981, 0.3521365523338318, 0.9478238821029663, -0.787829577922821, 0.41652143001556396, 0.39060741662979126, -0.011112192645668983, -0.21204841136932373, -0.013367056846618652, -0.0906185507774353, 0.2774851322174072, 0.06067350506782532, 0.46879690885543823, -0.676085352897644, 0.2961561977863312, -0.8448032736778259, -0.5575652122497559, 0.20052385330200195, 0.750952422618866, 0.270277738571167, -0.012732617557048798, -0.024561353027820587, 0.5381054282188416, 0.7362809181213379, -0.972601056098938, 0.02110929787158966, -0.347406804561615, 0.8371134996414185, -0.6234245896339417, -0.3986571729183197, -0.7537994384765625, 0.9081085920333862, -0.8453901410102844, 0.08174142241477966, -0.879749059677124, -0.5908558368682861, -0.1631118357181549, -0.2283477485179901, -1.3444364070892334, 0.4851430654525757, 0.7097557783126831, -0.8272170424461365, 0.2289658784866333, 0.905329167842865, -0.2802587151527405, 0.1353210061788559, 0.9435526132583618, -0.20253226161003113, 0.4742341935634613, -0.7512037754058838, -1.2928376197814941, -0.018907785415649414, 0.9024683237075806, 0.5833113789558411, 0.5002062916755676, 0.17290402948856354, 0.8502210378646851, 0.36343449354171753, 0.24547643959522247, 1.0133259296417236, -0.4464509189128876, -0.5077896118164062, 0.07356195896863937, -1.1033086776733398, -0.04778185486793518, 0.456792950630188, 0.18701697885990143, 0.27144116163253784, -0.6255686283111572, 0.3663472533226013, 0.4595405161380768, 0.4495973289012909, 0.024091601371765137, -0.5731728076934814, 0.06431230902671814, 1.1367738246917725, -1.120492935180664, 0.8402742743492126, 0.3426048159599304, -0.6011845469474792, 0.22909347712993622, -0.9078962802886963, -0.35652434825897217, 0.9035652875900269, 1.3380647897720337, 0.2407613843679428, -0.033754151314496994, 0.58277428150177, 0.310837060213089, -0.46898794174194336, -0.5490777492523193, -0.32506585121154785, -0.331620454788208, -0.37369266152381897, 0.3884665369987488, -0.9073805809020996, 1.4321048259735107, -0.6465418338775635, -0.13379228115081787, -0.612065315246582, -0.6319999098777771, 0.6631513237953186, -1.6350020170211792, 0.4015794098377228, 0.15632286667823792, 0.40246298909187317, 0.3226696252822876, 0.2708233892917633, 0.6688052415847778, 1.0961153507232666, -0.05820141360163689, -0.8908419013023376, -0.9453333616256714, -1.187269926071167, -0.09392739087343216, -2.110287666320801, 0.6261066794395447, 0.7916910648345947, 1.2287547588348389, -0.2136726677417755, 0.23881947994232178, -0.1048324853181839, -0.22077807784080505, -0.3060741722583771, -0.13767969608306885, 0.7591485977172852, 0.13040880858898163, -0.19445478916168213, 0.38200879096984863, 0.6912558674812317, -0.8567368984222412, 0.4844300150871277, -1.1664307117462158, 0.5826511979103088, 0.9853313565254211, 0.7678890228271484, -0.03011390194296837, 1.1972007751464844, -0.11668024212121964, 0.5135591626167297, -0.7748245000839233, 0.4707483649253845, 0.015943050384521484, 0.7251567244529724, -0.10242404788732529, -1.2528128623962402, -0.8667579889297485, 0.42030495405197144, 2.0297508239746094, 0.721058189868927, -0.5648300647735596, 0.6089363694190979, 0.2599850296974182, 1.2585668563842773, 0.2695592939853668, 0.5696933269500732, -0.31685692071914673, -0.909325897693634, 0.24048396944999695, -0.4074088931083679, -1.032806158065796, -0.520063579082489, 0.17020994424819946, -0.2467886507511139, -1.3223830461502075, 0.18863967061042786, 1.1461988687515259, 1.2195097208023071, 0.48771989345550537, -0.6591217517852783, -1.2413794994354248, 0.6039718389511108, 0.023209165781736374, 0.09621992707252502, 0.4652259051799774, -0.966088593006134, -0.637697160243988, 0.759888768196106, 0.8591873049736023, 0.717553973197937, -0.150148406624794, -0.4075802266597748, -1.0782654285430908, 0.45040175318717957, 0.3627760112285614, 0.6832618117332458, -0.025924768298864365, -0.8369126319885254, 0.048521995544433594, 0.4461546540260315, -0.2888134717941284, 0.19501832127571106, -0.26747801899909973, 0.33687376976013184, 0.10030689090490341, -0.12359054386615753, 1.0475342273712158, 0.904540479183197, -1.867240309715271, -1.0691847801208496, 1.2820875644683838, 0.24584749341011047, 0.12345735728740692, -0.9157892465591431, 0.5539875030517578, 0.06060943379998207, 0.2593068480491638, 0.5215396881103516, 0.8871898651123047, -0.1964014619588852, -0.4039667844772339, -0.028964772820472717, -0.04728115350008011, -0.5242865681648254, 1.435361385345459, 1.1881382465362549, -0.6397628784179688, -1.2700629234313965, 0.028775565326213837, 0.450497567653656, -1.1899094581604004, 0.08407554030418396, 0.10806608945131302, 1.0934306383132935, -0.8330504298210144, 0.4452671408653259, 0.40368664264678955, 0.6394985914230347, 0.7818859219551086, 0.14387111365795135, 0.5458322763442993, -1.2318966388702393, 1.3106404542922974, 0.39536136388778687, -0.45305725932121277, 0.39770275354385376, -0.88548344373703, -0.3395308256149292, -0.050894320011138916, -1.118943214416504, 0.6555697917938232, 0.7730891704559326, -1.1661624908447266, 0.10132312774658203, -0.19448015093803406, -0.42103666067123413, 0.8534582853317261, 0.3282235264778137, 0.9155900478363037, -0.75203937292099, -0.5682019591331482, -0.23057079315185547, -0.4822079837322235, -0.8525049686431885, 0.48752135038375854, 0.5222300291061401, 0.4286268353462219, 0.2443237602710724, 0.1882883608341217, 0.541754424571991, 0.2048136591911316, 0.2929060459136963, -0.7388144135475159, 0.3338983356952667, -0.19125166535377502, -0.8602060079574585, 0.18732693791389465, -0.7953431606292725, -0.2239290475845337, -0.37474632263183594, 0.2996688187122345, -0.3826274275779724, -0.6483995914459229, -0.46945929527282715, -0.8620489835739136, 0.04880380630493164, -0.5679569244384766, -0.3435647487640381, -0.4555029273033142, 0.23617857694625854, 0.6930942535400391, 0.5737019777297974, 0.8048526048660278, 0.41806352138519287, -0.5613643527030945, 0.7682004570960999, 0.3337509334087372, -0.9473831057548523, 0.4472557604312897, 0.20452171564102173, -0.24965299665927887, 0.4892820119857788, -1.1360489130020142, -1.5702368021011353, 0.16470566391944885, 0.8318628072738647, 0.7463043928146362, 1.0177993774414062, -0.12096010893583298, 0.8077542781829834, 0.6776861548423767, -1.2161868810653687, -1.7299436330795288, 0.4487416744232178, -0.713867723941803, -0.5762905478477478, 0.743645429611206, -0.9931271076202393, 1.0621702671051025, -0.3790263533592224, -0.5044561624526978, -0.6706817150115967, -0.6850635409355164, -0.9155603647232056, -0.578755259513855, -0.481218159198761, -0.10552996397018433, -0.34583765268325806, -0.05040077120065689, 1.4617249965667725, -1.2362414598464966, -0.08559919893741608, 0.3008670508861542, -0.09208574891090393, -1.2888901233673096, 0.15322908759117126, 0.04880182817578316, -1.143600344657898, -0.5968589782714844, 1.202260136604309, -0.10505347698926926, 0.6761329174041748, 0.08401109278202057, 0.981828510761261, -0.9599175453186035, 0.32716041803359985, 1.2221883535385132, -0.41605719923973083, 0.7977646589279175, -1.1682512760162354, -0.1004318967461586, -0.19051548838615417, -1.1080193519592285, 0.3231120705604553, 0.24808460474014282, -0.12490569800138474, -0.582371175289154, -0.32098034024238586, -0.5129423141479492, -0.08229777216911316, -0.349677175283432, 1.567497968673706, 1.1865177154541016, -0.141023650765419, 0.5550140142440796, -0.17094849050045013, -0.8592062592506409, 0.6332716345787048, -1.0352686643600464, -0.649727463722229, 0.7720985412597656, 0.1688060164451599, 0.48508787155151367, -0.34884554147720337, 0.9771192669868469, -1.4406917095184326, -0.4159794747829437, -0.42321422696113586, -0.02562648057937622, -0.49791720509529114, -1.0313297510147095, 0.42178791761398315, 0.9180386662483215, 0.3180089294910431, 1.0844053030014038, 0.3314208984375, 0.01015840470790863, -1.0452653169631958, -0.8940901756286621, 0.1252380609512329, 0.1955864131450653, 0.13090986013412476, -0.6272662878036499, 0.8405095338821411, -1.6249768733978271, 0.21788235008716583, 0.06460021436214447, -0.8301116228103638, 0.3000650405883789, -1.5158262252807617, -1.3924745321273804, 1.015533685684204, -0.277807354927063, 0.4812329411506653, -0.627344012260437, -1.221803903579712, -0.9954839944839478, -0.08147767186164856, 0.8480052351951599, -0.2952958047389984, 0.3806300759315491, -0.9648103713989258, -1.3546380996704102, -1.3524225950241089, 0.5631566643714905, -0.4812871217727661, -0.5026835799217224, 0.578681230545044, -0.017881132662296295, 0.45810556411743164, -0.4384647011756897, -0.023637522011995316, -0.07619178295135498, 0.8490110635757446, -0.43934229016304016, 0.6771513223648071, 0.5264521241188049, 1.5078339576721191, -0.22305217385292053, 1.7874358892440796, 1.145343542098999, 0.9981331825256348, 0.1259092539548874, 0.03823866695165634, 0.06091618165373802, -0.5222494602203369, -0.49213308095932007, -1.914626121520996, -0.2122165858745575, -0.35588085651397705, 0.9090257883071899, -0.34940487146377563, 0.9314409494400024, 0.0764862596988678, -0.2337922751903534, 0.49311304092407227, -0.8575868606567383, -1.0033764839172363, -0.7851364612579346, 0.6174276471138, 0.2603275775909424, 0.8562524318695068, -1.9550416469573975, 0.741008996963501, 1.52152681350708, 0.868363618850708, 0.04948263615369797, 0.9538388252258301, -0.14513690769672394, 0.15227025747299194, -0.3522898256778717, 0.3335133492946625, -0.34193724393844604, 0.12652111053466797, -0.7728943824768066, -0.4995209276676178, -0.37851282954216003, 1.452010154724121, 0.11643246561288834, -0.8391930460929871, -0.010444961488246918, -0.6007195711135864, -0.2989237606525421, -0.2347477674484253, -0.5539112687110901, 0.4218210279941559, -0.29483991861343384, -0.054929234087467194, 0.325575053691864, -0.3986489772796631, 0.09619417041540146, 0.6076343059539795, 0.9452947974205017, -0.23277874290943146, -0.29980653524398804, 0.1858517974615097, -0.3776510953903198, -0.3622697591781616, -0.37266501784324646, 0.8120642900466919, 0.9398664236068726, -0.5168862342834473, 1.4504815340042114, -0.5381067395210266, -0.25331491231918335, 0.32252004742622375, 0.4320875406265259, 0.15565091371536255, -0.45842137932777405, 1.0999536514282227, -0.25143054127693176, -0.6660410165786743, -0.08165091276168823, -1.0408384799957275, -0.435713529586792, 1.0084593296051025, 0.1279287189245224, 0.9873114824295044, -0.561107873916626, -0.5946952700614929, -0.2816026210784912, -0.6320810317993164, 0.6562852263450623, -0.4423366189002991, -0.43619149923324585, -1.1874903440475464, -1.2118377685546875, -0.4575352072715759, -0.13767847418785095, -0.27032822370529175, -0.03905472531914711, -0.22908690571784973, 0.59544438123703, 0.027238886803388596, -0.21670764684677124, -0.2524312734603882, 0.04546701908111572, 0.09572531282901764, -0.08923432230949402, -0.508280873298645, -0.20931443572044373, 0.1518821269273758, 0.511627733707428, -0.3578609228134155, 0.007563173770904541, 0.49275481700897217, 0.14969509840011597, 2.065802574157715, 0.8530443906784058, -0.010201424360275269, -0.21308080852031708, 0.23118650913238525, -0.061887070536613464, 0.14195774495601654, -2.269415855407715, -0.5850651264190674, -0.4384801387786865]"
tkt_006,Training session for DELMIA team,Our DELMIA team needs training on how to effectively use Aura for manufacturing-related questions.,2024-05-25 10:00:00,,,usr_004,usr_008,sts_001,pri_002,cat_005,"[-0.2591848373413086, 0.45492082834243774, -3.7169511318206787, -1.0799633264541626, 1.7741483449935913, -1.1346920728683472, 0.9227371215820312, -0.3887752890586853, 0.012270206585526466, 0.45682698488235474, 0.7980227470397949, 1.3107669353485107, 1.2905112504959106, 0.009402906522154808, 0.6523215174674988, -0.15826620161533356, 0.25791215896606445, -1.5673822164535522, -0.543686032295227, 0.11868063360452652, -0.22049610316753387, -0.9537844657897949, -0.632007360458374, -0.6907563209533691, 1.3619389533996582, 0.050222672522068024, 0.5465476512908936, 0.02062034234404564, 1.1139483451843262, -0.1937493085861206, 0.554564356803894, -0.3795793652534485, 0.1341928094625473, -0.9259070158004761, -0.1282295435667038, -0.43478962779045105, 0.26562750339508057, 0.3786734640598297, -0.3486718535423279, 0.6687116622924805, 1.8597161769866943, -1.1393952369689941, 0.6588234901428223, -0.7357373237609863, 0.3964311182498932, 0.10839492082595825, 1.2260828018188477, -0.8473907709121704, -0.34177061915397644, -0.1852288842201233, 0.2920025885105133, -0.9161086082458496, -0.12423823773860931, -0.6843897700309753, 0.41235828399658203, 0.4102717339992523, 0.25152960419654846, 0.11048053205013275, -0.02261468768119812, -1.3996974229812622, 2.166591167449951, 0.7762348055839539, -1.1376396417617798, 1.330903172492981, -0.06235469877719879, -0.8355786800384521, -1.0237536430358887, 1.4461627006530762, -0.017879681661725044, -0.07124695181846619, 1.4600327014923096, -0.15280325710773468, 0.5717792510986328, 0.8354974985122681, -0.657859206199646, 0.31865280866622925, -0.7931761741638184, -0.8060828447341919, -0.3583689033985138, 0.09319306910037994, 1.0979845523834229, 0.6858088374137878, 1.0367302894592285, 0.682830274105072, 0.5072827339172363, 0.8698009848594666, -0.9362369775772095, -1.0395318269729614, 0.05108509957790375, 1.845477819442749, 1.5110597610473633, 0.3828383982181549, 0.28155237436294556, 0.22476661205291748, -0.09844227135181427, 1.3569276332855225, 0.7013640999794006, 0.21120122075080872, 0.31143057346343994, -0.7103824615478516, 0.6371345520019531, -0.17694604396820068, -0.02648267149925232, 0.40017184615135193, -0.3034721612930298, 0.349952757358551, -0.46458545327186584, -1.015956163406372, -0.7485467195510864, 1.0676214694976807, -1.2022228240966797, 0.019340306520462036, -1.426899790763855, -0.3564295172691345, -0.26164478063583374, -0.4819658696651459, 0.8276963233947754, -0.9965144395828247, -0.31938669085502625, 0.13153906166553497, -0.1825249344110489, -0.6984734535217285, 0.6920720934867859, -0.5682108998298645, 0.8508597612380981, 0.14832986891269684, -1.6230640411376953, -0.5107694268226624, -0.1602870225906372, -0.7358414530754089, -0.06649830937385559, -0.7581555843353271, -0.9326303005218506, -0.33690139651298523, -0.12939074635505676, 1.5770444869995117, 0.08629818260669708, -0.15978506207466125, 0.4312936067581177, 0.5180885791778564, 0.0873175859451294, 0.7577077746391296, -0.36529579758644104, -0.4335874319076538, 0.5261284708976746, -1.318095088005066, 0.004294678568840027, -0.7081116437911987, -0.33681461215019226, 0.317495733499527, 0.006688199937343597, -0.32853442430496216, -0.43678152561187744, -0.20410314202308655, 1.5920956134796143, -0.4173830449581146, -0.2008097767829895, -0.2664794623851776, 0.8449500799179077, 0.9604396224021912, 1.6585218906402588, 0.3001672029495239, -0.8745234608650208, -0.03334695100784302, 0.9883468151092529, -0.2505022883415222, 1.0253766775131226, 1.1504608392715454, 2.172685146331787, 0.5837699174880981, -1.4712259769439697, -1.3124580383300781, -0.40496742725372314, -0.46273669600486755, 0.5579046010971069, 1.3090182542800903, 1.1588201522827148, -1.1284842491149902, 0.5662509799003601, -0.31463438272476196, 1.0765913724899292, -1.1305867433547974, 1.2273375988006592, 0.11108236759901047, -0.5013964176177979, 0.24275462329387665, 0.7741817235946655, -0.8440815210342407, -0.7276658415794373, -0.1153072714805603, -0.5312461853027344, 1.0760929584503174, -0.79533851146698, -0.6765357255935669, -0.44559770822525024, -1.6847528219223022, 0.8523938655853271, 0.22801226377487183, -0.18856823444366455, -0.09300448000431061, -0.13078570365905762, -0.5672298669815063, -0.11950400471687317, 0.922028660774231, -0.5359262228012085, 0.1861962080001831, 0.1546315848827362, -0.4892059564590454, 0.1256362646818161, 0.09283658117055893, 1.1639723777770996, 0.05193869769573212, 0.6419825553894043, -0.853096604347229, 0.541677713394165, -0.018556267023086548, -0.07991845905780792, -0.5707563161849976, 0.31106439232826233, 1.0183460712432861, 0.101141557097435, -0.30124443769454956, 0.2239014208316803, -0.09777256101369858, 0.09325886517763138, -0.5662004947662354, -0.5992602109909058, 0.02313208393752575, -0.5003308057785034, 0.17508268356323242, -0.09459173679351807, -1.0224778652191162, 0.878555953502655, 0.5155270099639893, -0.10415123403072357, -0.034173816442489624, -0.02695789933204651, 0.35813096165657043, 0.4661172330379486, 0.9241840839385986, 0.6169663071632385, 0.05219966173171997, -0.054203666746616364, -0.2744615972042084, -1.1756635904312134, -0.31229764223098755, -0.016044817864894867, -0.263971209526062, 0.2339445948600769, 0.8298187255859375, -0.21123962104320526, -0.27500617504119873, 0.07687082886695862, -0.36350345611572266, -0.23064006865024567, -1.126502513885498, -1.008362054824829, -0.35113921761512756, 0.8626097440719604, -0.3821719288825989, 0.6424274444580078, -0.26725685596466064, 0.6713072657585144, -0.1678590327501297, -0.17868348956108093, -1.0694665908813477, -0.18646925687789917, -0.501818835735321, 0.10754962265491486, -0.7889242172241211, -0.012207292020320892, 0.3782232999801636, 0.6632110476493835, 0.5329851508140564, 0.31677788496017456, -0.7439186573028564, 0.5966535806655884, -0.039801403880119324, 0.31586673855781555, 0.7064851522445679, -1.009789228439331, -2.017045497894287, -0.8105776309967041, 0.5384700298309326, -0.043761156499385834, 0.4420262277126312, 0.7219058275222778, 0.7887223958969116, 0.7758087515830994, 0.48538902401924133, 1.0760831832885742, -0.6363374590873718, -0.6754468083381653, 0.1426103115081787, -1.4283208847045898, 0.5989536643028259, 1.3547087907791138, -0.06791132688522339, 0.5220100283622742, -0.4637187719345093, 0.4535324275493622, 0.736953854560852, 0.1380080133676529, 1.024374008178711, 0.3108324408531189, -0.08154512941837311, -0.11580343544483185, -0.4992089867591858, 0.8522212505340576, 0.5448704361915588, -0.7766091227531433, -0.38773247599601746, -0.6302530765533447, -0.32862019538879395, 0.33184897899627686, -0.37603625655174255, 0.7350223064422607, 0.7583280205726624, 0.739994466304779, 0.11579082161188126, -0.008745893836021423, -0.7635669708251953, -0.028165381401777267, 0.19701391458511353, 0.10373219847679138, 0.7026862502098083, 0.31575337052345276, 0.9283068180084229, -0.4514084458351135, -0.18873967230319977, 0.4176862835884094, 0.766464352607727, -0.6407859325408936, -0.3889103829860687, 0.44465479254722595, 0.18080434203147888, 1.0183968544006348, -0.48122966289520264, 0.311659038066864, -0.05274157226085663, 0.8597754240036011, -1.081446886062622, 0.1516159176826477, -0.11106568574905396, -0.16023293137550354, -0.33603453636169434, -1.1768141984939575, -0.4822060465812683, 0.6012393236160278, 1.0357697010040283, 0.5011064410209656, -0.0683029443025589, -0.7753732800483704, -1.1370718479156494, 1.1034717559814453, -0.24238401651382446, 1.8121432065963745, 0.9857394695281982, -0.1998130977153778, -0.1997557282447815, 0.3069062829017639, -0.17850521206855774, -0.6596522331237793, -1.5846483707427979, 0.754616379737854, 0.25333794951438904, 0.6957270503044128, 0.916205108165741, 1.3263944387435913, 0.014477156102657318, 0.7103987336158752, -0.4414343237876892, -1.4354794025421143, 0.8427889347076416, -0.7364714741706848, 0.6735163331031799, -0.6689706444740295, -0.5833264589309692, -0.1757429540157318, 0.332380473613739, -0.23412691056728363, -0.5953454375267029, 0.1464938372373581, -0.12255649268627167, 0.34987807273864746, 1.2087335586547852, 0.6337157487869263, -0.3404674828052521, -0.020044151693582535, -0.24203979969024658, 0.29185694456100464, -1.2596945762634277, -0.8827006816864014, -0.6280246376991272, 0.4455861747264862, -1.0550096035003662, 0.7200853824615479, 0.5943868160247803, 0.7425137758255005, 0.9184900522232056, -0.4553896188735962, -0.5758339166641235, 0.47434306144714355, 0.07966656982898712, 0.1585894078016281, -0.15608911216259003, -0.6573991179466248, -0.6302347183227539, 0.994473397731781, 0.3403055667877197, 0.8687757253646851, 0.6978834271430969, -0.5162272453308105, -1.7531267404556274, 0.7300512790679932, 0.4394781291484833, 1.009742259979248, 1.3123387098312378, -1.2586619853973389, -0.36395201086997986, 0.03235214948654175, 0.408366322517395, 0.21232223510742188, -0.1815069615840912, 0.362115740776062, 0.819857120513916, 0.42552807927131653, 0.3681308329105377, 0.15800093114376068, -1.8988070487976074, 0.5009834170341492, -0.6466331481933594, 1.1695972681045532, 0.24053733050823212, -0.2334277182817459, 0.24429233372211456, -0.15572063624858856, 0.8766323328018188, 1.086565613746643, 1.04851496219635, 0.3624981641769409, -0.560498058795929, -0.28586825728416443, -0.6344065070152283, -0.8508425354957581, 1.4240515232086182, 0.955286979675293, -0.5382617712020874, -2.258800983428955, 1.0928101539611816, 0.49375635385513306, 0.2637929320335388, 0.1313043236732483, 0.0583515465259552, 0.9547492265701294, -0.7564246654510498, -0.06867751479148865, 0.27641361951828003, 0.059792518615722656, 0.40175074338912964, 0.5959782004356384, -0.025070488452911377, -0.9392473101615906, 0.1929270625114441, 0.2050350308418274, -0.7905160784721375, 0.35701829195022583, -0.66510009765625, 0.16896158456802368, 1.156240701675415, -1.2204123735427856, 0.34686940908432007, 0.6601907014846802, -0.22795817255973816, -1.2757610082626343, -0.6167731285095215, 0.02936176210641861, -0.34066882729530334, 1.4383002519607544, 0.7131938934326172, 0.46477368474006653, 0.004032716155052185, -0.8647598028182983, -0.6790801286697388, -0.5854988098144531, 0.8840753436088562, 0.12657520174980164, -0.14611543715000153, 0.6554738283157349, -0.42802995443344116, 0.4308340847492218, -0.4874724745750427, 0.37783512473106384, 0.019741550087928772, -0.6408922672271729, -0.29114389419555664, -0.5825800895690918, 0.7147679328918457, 0.40351614356040955, -0.39949870109558105, -0.4681939482688904, 0.5785186290740967, -0.8976328372955322, -0.3049163222312927, -0.39751824736595154, -1.0592482089996338, 0.7806713581085205, -1.3193106651306152, -0.6625300645828247, 0.5320671796798706, -0.4379700720310211, 0.33463865518569946, 0.6324020624160767, 0.03483159840106964, 0.5038458704948425, -1.282624363899231, 0.8675272464752197, 0.05266153812408447, -0.6578415036201477, 0.3991345763206482, -0.13752257823944092, 0.16050586104393005, -0.5387574434280396, -0.36802437901496887, -1.281065821647644, 0.7558039426803589, 1.0260870456695557, 0.04284508526325226, 1.1164565086364746, -0.6823291182518005, 1.4733400344848633, 1.0159542560577393, -1.6018946170806885, -0.6039257049560547, 0.4105967581272125, -0.5764386653900146, 0.23124317824840546, -0.1455262154340744, -0.5219574570655823, 1.0361528396606445, 0.35050711035728455, -0.033478766679763794, 0.09957846254110336, -0.2230219542980194, -0.5237217545509338, -0.3308922052383423, 0.2920295298099518, 1.0638315677642822, -0.34996822476387024, -0.5715523958206177, 1.1497937440872192, -1.5424145460128784, 0.4368763566017151, -1.7320480346679688, 0.2644055187702179, -0.8263303637504578, -0.8153302669525146, -0.7198145389556885, -0.33951854705810547, 0.22467176616191864, 0.6609617471694946, 0.12588274478912354, 1.223205327987671, 0.7713987827301025, 0.22364313900470734, 0.09820888936519623, 0.13992798328399658, 0.6558018922805786, 0.8180062770843506, 0.5731202960014343, 0.7691474556922913, -1.1635098457336426, -0.7157939076423645, -0.8413972854614258, 0.1460464894771576, -0.6154673099517822, 0.5561304092407227, -0.3079710602760315, -0.8608992099761963, -0.9270049929618835, -0.00040137767791748047, -1.32523775100708, 0.2505970001220703, 0.41711875796318054, 0.8188449144363403, 0.5994821786880493, -1.1943740844726562, -0.2151748389005661, -0.3824891448020935, -1.0778074264526367, -0.7468709945678711, -0.8701469302177429, 0.7515969276428223, -0.32802632451057434, -1.2975319623947144, -0.009496502578258514, -0.8586386442184448, -0.12568825483322144, 0.053136810660362244, -0.7279835343360901, -1.1373748779296875, -0.6675118207931519, 0.5154904127120972, -0.9009656310081482, -0.24930322170257568, 0.4776062071323395, 0.8316975831985474, 0.10390549898147583, -0.0711723119020462, -0.5466653108596802, 0.29534322023391724, -0.5870361924171448, -0.6905269026756287, -0.14215822517871857, 1.0028572082519531, -0.028119519352912903, 0.7635573148727417, -0.35396748781204224, 0.3646899163722992, 0.0029146969318389893, -0.998426079750061, -1.3389033079147339, 0.6997975707054138, -1.3710012435913086, 0.8891668319702148, -0.8896400928497314, -0.9090216159820557, -0.31679826974868774, -0.3253974914550781, 1.0174140930175781, -0.3904220461845398, -0.2001713216304779, -0.9400889873504639, -0.31351202726364136, -2.3167505264282227, 0.12765145301818848, -0.4717724919319153, 0.23114454746246338, -0.10693404078483582, -0.20657533407211304, -0.30934417247772217, -1.2177703380584717, -0.8064262866973877, 0.5888110399246216, 0.6375505924224854, -0.8161417245864868, 0.9389227628707886, 1.6347317695617676, 1.4700837135314941, 0.12973424792289734, 1.009765625, 1.3720977306365967, 0.1508973091840744, 0.15617598593235016, 0.08194252848625183, 0.04838211089372635, 0.13872231543064117, -0.25260695815086365, -1.534987449645996, -0.48229387402534485, 0.08991426229476929, -0.7469739317893982, 0.06579837948083878, -0.38161617517471313, 0.42009419202804565, -0.20142057538032532, 0.13129496574401855, -0.44345423579216003, -1.0885117053985596, 0.23386666178703308, 1.385519027709961, 0.4014554023742676, 0.2184932976961136, -0.6953362226486206, 0.21988233923912048, 0.5539470314979553, 0.29968035221099854, 0.600299060344696, -0.004260595887899399, -0.23283764719963074, 0.21611157059669495, -1.4982768297195435, 0.5975558757781982, -0.13591285049915314, -0.5364042520523071, -0.7614783644676208, 0.24865606427192688, 0.6923624277114868, 0.03827879577875137, -0.57380211353302, 0.25962793827056885, 0.03657275065779686, -0.006337802857160568, -0.05205106735229492, -0.3823291063308716, -0.6334930658340454, 0.8740427494049072, 0.5312157869338989, -0.5817645788192749, 0.8239805102348328, -1.195052981376648, 0.3974013924598694, 0.20711743831634521, 1.7249783277511597, -0.3943342864513397, 0.061946798115968704, 0.2576802372932434, 0.2604600787162781, 0.019008394330739975, -0.31081536412239075, 0.10860781371593475, 0.4198015034198761, -1.1632059812545776, 1.5063921213150024, -0.371806263923645, -0.06515314429998398, 0.16045509278774261, 0.17459794878959656, 0.10658536851406097, 0.5506244897842407, 1.8726069927215576, 0.7402084469795227, -1.0130846500396729, -0.10299279540777206, -0.6789647340774536, -0.3365859091281891, 0.6677330136299133, -0.8613550662994385, 0.6982177495956421, -0.6864258050918579, -0.34923502802848816, -0.544026255607605, -0.9573504328727722, 1.140890121459961, 0.2878075838088989, -0.17997397482395172, -0.7069072723388672, -0.49103844165802, 0.037405453622341156, 0.24328342080116272, 0.09564146399497986, -0.9519864916801453, -0.4532497227191925, 0.42790454626083374, -0.01817307621240616, -0.2759675979614258, -0.21832072734832764, 1.6918548345565796, -0.0370112806558609, -0.2192317247390747, -1.0988167524337769, -0.39822059869766235, -0.6248778104782104, -0.15427786111831665, -0.01909448951482773, -0.42742305994033813, 0.7475872039794922, 0.054128117859363556, 2.6870689392089844, 0.10697490721940994, 0.18164417147636414, -0.6528873443603516, 0.5042732357978821, -0.3771616220474243, 0.012889621779322624, -0.37245243787765503, -0.0779760554432869, -0.935585081577301]"
tkt_007,Aura not recognizing department names,When I mention 'CATIA Development' Aura doesn't understand it's a department and gives generic responses.,2024-05-26 13:25:00,,Added department recognition to Aura's entity detection. Now properly identifies organizational units.,usr_001,usr_005,sts_005,pri_002,cat_002,"[0.5412049293518066, 0.5877140164375305, -3.3874077796936035, -1.4339436292648315, 1.5973544120788574, 0.5139117240905762, 0.7375321984291077, -0.29374146461486816, 0.47159773111343384, -0.2645769417285919, 0.5082411170005798, 0.7219852209091187, 1.965415596961975, 0.1922701895236969, 0.1521780639886856, -1.1592566967010498, 0.10871324688196182, 0.03213636577129364, -0.15289545059204102, -0.7099024057388306, 0.1250060796737671, -0.49255943298339844, -0.2708434462547302, -0.16027522087097168, 1.357837438583374, 0.5304129719734192, -0.16723783314228058, 0.14661553502082825, -0.05051449313759804, -0.21522486209869385, 0.2732108235359192, 1.964655876159668, 0.9042090177536011, -0.0075392164289951324, -0.2444804310798645, -0.363258957862854, 0.8553193211555481, 0.8054929971694946, -0.06001867353916168, 2.0969581604003906, 0.3008662760257721, 0.4175930619239807, 0.3129912316799164, -0.2545667290687561, -0.36127689480781555, 0.16055385768413544, 0.7431014776229858, 0.6427325010299683, 0.7361122965812683, -0.7943623065948486, 0.28194546699523926, -0.5398414134979248, -0.422177791595459, -0.5379946231842041, -0.5427151918411255, 0.34884244203567505, 0.6412009000778198, 0.6120356917381287, -0.08500511944293976, -1.5105539560317993, 1.697725534439087, 1.123358964920044, -0.23281148076057434, 2.7198967933654785, 0.42402583360671997, 0.038327619433403015, -0.7141140103340149, 0.5714293122291565, -0.19285374879837036, -0.16478247940540314, 1.0111600160598755, 0.0003313310444355011, -0.17717194557189941, 0.8963329792022705, 0.08312156796455383, -0.35824716091156006, -0.897092342376709, -0.6084920167922974, -0.8010367751121521, 0.14514198899269104, 0.5464568138122559, 0.30496639013290405, 0.9603481292724609, 0.16216690838336945, 1.2819383144378662, 1.605436086654663, -0.9035513401031494, 0.042818374931812286, -0.16925275325775146, 1.1183781623840332, 0.34613949060440063, -0.7639486193656921, 0.43517976999282837, 0.15436944365501404, -0.4979236423969269, 0.7480130195617676, 0.2078768014907837, -0.54471355676651, -0.7330686450004578, -0.9703385829925537, -0.030924394726753235, -0.1661638617515564, 0.1350928395986557, 0.021932728588581085, 1.1449804306030273, 1.1043052673339844, -0.69232177734375, -1.1422529220581055, 0.08214171230792999, 0.16490796208381653, -0.4430931508541107, 0.7552205324172974, -0.4473380148410797, -0.7271202802658081, 0.2558738589286804, -0.6102408766746521, 0.9577114582061768, -1.9491689205169678, -0.2521854639053345, 0.14751408994197845, -0.6651056408882141, -0.8119669556617737, 0.17067158222198486, -0.6264068484306335, 0.2776319086551666, -0.07011795789003372, -0.8843715190887451, -0.051054373383522034, -0.402620792388916, -0.9394864439964294, -0.16405820846557617, -1.3999836444854736, -0.03671828657388687, -0.08679236471652985, -0.08116810023784637, 0.4350395202636719, 0.6346937417984009, -0.4815446138381958, 0.8980743885040283, 1.0033988952636719, 0.30407845973968506, 0.10232656449079514, 0.30920958518981934, 0.013483788818120956, 0.7264446020126343, -1.1120669841766357, 1.6955788135528564, -0.37869375944137573, -0.04267233610153198, 0.466728150844574, 0.01668282225728035, 0.38295626640319824, -0.5764992237091064, -0.3778882622718811, 0.43138307332992554, -0.9628210067749023, -0.22831550240516663, 0.7700659036636353, 0.38194897770881653, 0.3434937298297882, 1.3829395771026611, -0.05682961642742157, -0.1650191992521286, -0.1327279955148697, -0.27522948384284973, -1.410544753074646, 1.086334228515625, 1.185160517692566, 0.27133163809776306, 0.5265212059020996, -1.4427368640899658, -0.21973858773708344, -0.9261161684989929, 0.5192351341247559, 0.9073303937911987, 1.508040428161621, 0.8825033903121948, -0.42332571744918823, 0.5676336884498596, -0.9885447025299072, 0.2813337743282318, -1.2536348104476929, 0.1734054982662201, 0.4087454676628113, -0.40268459916114807, -0.11800456792116165, 0.015178538858890533, -0.22219504415988922, -0.8780914545059204, -0.9389333128929138, 0.7177419662475586, 0.7797753810882568, -0.5105669498443604, -0.5918111801147461, 0.04525590315461159, -0.8406854867935181, 0.13899028301239014, -0.4241560101509094, -0.5848667621612549, -0.46561336517333984, -0.41219621896743774, 0.13629524409770966, -0.448198139667511, 0.13210228085517883, -0.10474344342947006, 0.9731991291046143, -0.9029281735420227, -0.3638013005256653, -0.05240054428577423, -0.15757429599761963, 1.745522141456604, -0.7351855039596558, -0.3655959963798523, -0.11215105652809143, 1.1333024501800537, -1.2515792846679688, 0.23415106534957886, -0.11009323596954346, -0.3798641562461853, -0.011903494596481323, -0.4399707317352295, -0.24233999848365784, 0.2626347243785858, -1.355095624923706, 0.6321361064910889, -0.7698261737823486, -1.0383906364440918, -0.21110251545906067, 0.13351361453533173, -0.17246800661087036, -0.13459515571594238, -2.1823782920837402, 0.9928700923919678, 0.4347635507583618, -0.5529158711433411, 0.412983238697052, 0.5345038175582886, -0.7103511095046997, -0.22912625968456268, -0.3236467242240906, -0.7418503761291504, 0.40820807218551636, 0.634093165397644, 0.3037964105606079, -0.7433009743690491, 0.28202909231185913, 0.04282901808619499, -0.1425638645887375, 0.05191311240196228, 0.8694508075714111, -0.06861815601587296, 0.34506529569625854, -0.4823404550552368, 0.33735424280166626, 1.4625048637390137, -0.817023515701294, -0.5761914253234863, -0.6179949641227722, 0.5642261505126953, -1.0229591131210327, -0.4834391176700592, -1.1624202728271484, 1.791750431060791, -0.0789278969168663, -0.3490961790084839, -1.2991981506347656, 0.23576371371746063, -0.15309661626815796, 0.19647856056690216, -1.8683183193206787, 0.24540844559669495, 0.6700010895729065, -0.29730308055877686, 0.35329747200012207, 0.4646245837211609, 0.2985096871852875, 0.5581777095794678, 0.24169714748859406, -0.21862046420574188, 0.3057548403739929, -1.1071643829345703, -1.0867406129837036, -0.9460615515708923, 0.987687885761261, 0.4896031618118286, 0.7397921085357666, 0.1956823170185089, 1.1098576784133911, 0.5238285064697266, 0.8011041283607483, 0.737483561038971, -0.11680330336093903, -0.9135665893554688, 0.28146442770957947, -0.6870244741439819, -0.4140720069408417, -0.030534692108631134, 0.6256199479103088, 0.3092840313911438, 0.07158438116312027, 0.7660752534866333, 1.0808672904968262, 0.4771076440811157, 0.5409175157546997, -0.18489424884319305, -0.31932416558265686, -0.22909829020500183, -0.6335855722427368, 1.3593289852142334, 0.01393277570605278, -0.7353391647338867, 0.2674711048603058, 0.08859623968601227, -0.20930522680282593, 0.9474912881851196, 0.0869576632976532, 0.29353848099708557, 0.5537003874778748, 0.8299435377120972, 0.9668096899986267, -0.3985021710395813, 0.043614182621240616, -0.09806041419506073, -0.4333745241165161, -0.9387447834014893, 0.28278836607933044, -0.8728837966918945, 0.7814153432846069, -0.2399149239063263, -0.11066096276044846, 0.13238167762756348, 0.03690135478973389, 0.27991971373558044, -0.7780870199203491, 0.8195348978042603, 0.27603602409362793, -0.10217723995447159, -0.09992749243974686, 0.07794104516506195, -0.01741594821214676, 1.1080719232559204, -0.8847882747650146, 0.4269143342971802, -0.8180348873138428, -0.7698673009872437, 0.450259804725647, -1.1982594728469849, -0.10290271788835526, 0.4764556288719177, 0.9371703863143921, -0.2252543717622757, 1.238792896270752, -0.1382668912410736, 0.24891242384910583, -0.015042338520288467, -0.8551274538040161, 1.1830240488052368, 0.9258518218994141, -0.8354938626289368, 0.4089937210083008, 0.7195316553115845, -0.020144369453191757, -0.836959719657898, -0.8630621433258057, 0.1664172112941742, 1.3596863746643066, 1.0037974119186401, -0.5340336561203003, 1.2689568996429443, -0.4721381664276123, 0.16939657926559448, -0.5394794344902039, -0.7177598476409912, 0.7405725717544556, 0.08415783196687698, 0.28620827198028564, -1.2545623779296875, 0.14491942524909973, -0.26486942172050476, 1.0540785789489746, 0.3281208276748657, -0.6743984222412109, 0.13254937529563904, 0.2026553452014923, 1.0054869651794434, 0.6968109607696533, -0.2444312572479248, -0.09304893016815186, -0.6566654443740845, -0.08898968249559402, 0.13053207099437714, -0.3793531358242035, -0.7365308403968811, -0.6726856231689453, 0.08253820240497589, -1.7559269666671753, 0.4162261188030243, 0.9233513474464417, 0.3869890570640564, 0.9008855819702148, -0.5455353856086731, -1.2794640064239502, 1.1438612937927246, -0.5325909852981567, 0.7382521629333496, -0.10914725065231323, -0.40472543239593506, -1.0022199153900146, 0.2098700851202011, 0.690908670425415, -0.3302921950817108, -0.06280370056629181, 0.1728096604347229, -1.6980537176132202, 0.7514623999595642, 0.370724081993103, 0.22517362236976624, 0.5414608120918274, -1.3585245609283447, 0.8521959781646729, 1.3217828273773193, -0.022395774722099304, -0.3837842643260956, -0.07742934674024582, 0.1555752456188202, 0.16325126588344574, 0.6409629583358765, 1.0682635307312012, 0.11950656771659851, -1.564619779586792, -0.4038451910018921, -0.01723712496459484, 0.32127824425697327, -0.4876090884208679, -0.4805625081062317, -0.4123947024345398, -0.5616171360015869, 0.17964251339435577, 0.5209323167800903, 0.8855471014976501, 0.8046709895133972, -0.6737149953842163, -0.7831833958625793, -0.8348692655563354, -0.4125863313674927, 1.3367664813995361, 0.9899911284446716, 0.6552584171295166, -2.045619487762451, 1.205472707748413, -0.2774384617805481, -0.6460669636726379, -0.11791658401489258, -0.2267073094844818, 1.289242148399353, -0.5093915462493896, 0.2169257253408432, 0.4040701389312744, -0.29815948009490967, 1.0265713930130005, -0.0544125959277153, 0.3650285601615906, -1.6505985260009766, 0.8680815696716309, 0.6694314479827881, -0.6191859245300293, 0.2775290310382843, -0.7306616306304932, 1.1308306455612183, -0.01323373056948185, -0.3848758041858673, 0.12252970784902573, -0.269194632768631, -0.9514741897583008, 0.11424363404512405, -0.178142249584198, 0.5516412258148193, 0.27426677942276, 0.7546365261077881, 0.3591148257255554, -0.6983837485313416, -0.27390357851982117, -0.8024520874023438, -0.3241880238056183, -0.33974605798721313, 0.9382781982421875, 0.3303584158420563, 0.8214184045791626, 0.4779259264469147, -0.01396486908197403, 0.7350583672523499, 0.10578950494527817, 0.026226289570331573, -0.1039033830165863, -0.17950493097305298, 0.03925153985619545, -0.8758348226547241, 0.4261710047721863, 0.03481762111186981, 0.2862154245376587, -1.1281397342681885, 0.6856096982955933, -0.3222822844982147, 0.15359264612197876, 0.4183172881603241, -0.753804624080658, 0.7327614426612854, -0.36474403738975525, -1.0470218658447266, 0.48120182752609253, -0.19877369701862335, 0.5326380729675293, 1.1985814571380615, 0.10088742524385452, -0.009529117494821548, -0.991576611995697, 0.556593656539917, 0.45713409781455994, -0.7152193188667297, 0.2557576894760132, -0.6670162677764893, -0.7956055402755737, -0.4945257902145386, -2.0034923553466797, -0.570237398147583, 1.0324015617370605, 1.0311305522918701, -1.537940502166748, 1.6067066192626953, -0.2269187569618225, 1.233791708946228, 0.5887036323547363, -0.8372803926467896, -0.5574489831924438, 0.25755804777145386, -0.6697293519973755, 0.02586311474442482, 0.31351643800735474, -0.5936664342880249, 0.7636735439300537, -0.6354655623435974, -0.23331047594547272, 0.39519649744033813, -1.373404622077942, -0.15235841274261475, 0.21237334609031677, 0.6650908589363098, 0.6480899453163147, -0.26178187131881714, -0.15916839241981506, 0.7561280727386475, -1.7380127906799316, 0.6407204866409302, -0.8694705367088318, -0.04341624677181244, -0.5649121999740601, 0.030337482690811157, -0.8748542666435242, -0.3742433190345764, -0.4313966631889343, -0.13507868349552155, 0.32405251264572144, 1.3700822591781616, 0.058767177164554596, -0.014777593314647675, -0.6568095684051514, 0.028594553470611572, 0.6168694496154785, 0.7540900707244873, 0.7330718040466309, -0.21109610795974731, -0.6541039943695068, -1.079157829284668, -1.1620113849639893, 0.11773715913295746, -0.3162404000759125, -0.03940674662590027, -0.12882468104362488, -0.0836753249168396, -0.834295928478241, 0.37022459506988525, -1.2466570138931274, 0.0324588268995285, 0.026201732456684113, 0.124662384390831, 0.21496228873729706, -0.5409249663352966, -0.46774452924728394, 0.054046668112277985, -0.7209506034851074, -0.6593461036682129, -0.6421036720275879, 0.1257544308900833, -0.8294020891189575, -0.391094833612442, -0.11958497762680054, -1.0267131328582764, 0.47463178634643555, -0.8340879082679749, -0.6624927520751953, -0.5017166137695312, -0.34942927956581116, 0.6285427808761597, 0.263492226600647, 0.1640755832195282, 0.07546528428792953, 0.21469712257385254, 1.1956138610839844, -0.262731671333313, 0.09033432602882385, 0.6932003498077393, 0.9902753233909607, 0.8135668039321899, -0.25737854838371277, 1.1924352645874023, -0.535786509513855, 0.7993648052215576, -0.22392696142196655, 0.08288286626338959, 0.5649139881134033, -1.5432761907577515, -1.299386978149414, 1.1583659648895264, 0.5718055963516235, 1.2006535530090332, 0.09481766819953918, -1.263629674911499, -1.5451724529266357, 0.40160995721817017, 0.7938793897628784, -0.47744154930114746, 0.7654111385345459, 0.1284327656030655, -0.9245972037315369, -1.0773314237594604, 0.7922114729881287, -0.029928583651781082, -0.9891582131385803, 0.8068896532058716, 0.16836461424827576, 1.1050677299499512, -0.5104084014892578, 0.23719221353530884, 0.1599731594324112, 1.223158597946167, -0.5213972330093384, -0.32368671894073486, 0.563208818435669, 0.874967098236084, 0.3557778000831604, 1.1544640064239502, 1.292992353439331, 0.4709121584892273, -0.19578075408935547, 1.015681505203247, -0.05268801376223564, 0.53466796875, 0.5805293917655945, -0.9410992860794067, 0.11335194110870361, -0.30863112211227417, -0.07126041501760483, -0.5793591737747192, 0.5002216100692749, 0.6406852006912231, 0.08703617751598358, 0.4041295647621155, -0.39690861105918884, -0.19982865452766418, -0.9253005981445312, 0.008898865431547165, -0.017103761434555054, 0.8138214349746704, -0.07068576663732529, 0.9136145114898682, 1.2460393905639648, 0.7336251735687256, 0.3658640384674072, 0.6243286728858948, -0.0990094393491745, 0.23449841141700745, 0.1538200080394745, 0.7532422542572021, -0.8690097332000732, -0.46144264936447144, -0.9380530118942261, -0.3096492886543274, 0.0709952637553215, -0.43192076683044434, -0.8229306936264038, -0.05706498771905899, -0.7455559968948364, -0.10463758558034897, -0.2783429026603699, -0.24322062730789185, -0.25738078355789185, 0.2469034492969513, 0.542919933795929, -0.8700276613235474, 0.3366464376449585, -0.7471833825111389, 0.642899751663208, 0.03310352936387062, 1.1943812370300293, 0.5061642527580261, 0.5096834897994995, 0.8015829920768738, -0.12061163783073425, -0.037999868392944336, 0.08910574018955231, -1.3554093837738037, 0.545303463935852, -0.28669559955596924, 2.0395123958587646, -1.546854019165039, 0.203899085521698, -0.6202709674835205, -0.46209824085235596, 0.4363898038864136, 0.2421887069940567, 1.1597758531570435, -0.6539349555969238, -0.3729761242866516, -0.8313664197921753, -0.4965294599533081, -0.31109899282455444, 0.7223705053329468, -0.9250273704528809, 0.8966190218925476, -1.2480472326278687, -1.513411283493042, -0.06204076111316681, -0.6819445490837097, 1.1374738216400146, -1.1353485584259033, -0.21429657936096191, -1.584243655204773, -1.1881211996078491, -0.0032633990049362183, -0.9037617444992065, -0.9332947731018066, -0.5388119220733643, -0.06345093250274658, 1.44181489944458, 0.07612577080726624, -0.3914440870285034, -0.04914787411689758, 1.346116065979004, 0.24426807463169098, -0.6405367851257324, -0.24305696785449982, -0.5346569418907166, -0.9160781502723694, -0.35901308059692383, 0.12645018100738525, 0.6750292181968689, 0.5909422636032104, -0.20564894378185272, 2.021117687225342, -0.08914986252784729, -0.12915052473545074, -0.6460981369018555, 0.4591071605682373, -0.5112066268920898, -0.1786840707063675, -1.397405743598938, -1.0255138874053955, -0.8707226514816284]"
tkt_008,Mobile access to Aura not working,Aura works fine on desktop but mobile browser version is not loading properly on my iPhone.,2024-05-27 09:40:00,,,usr_003,usr_002,sts_002,pri_002,cat_001,"[0.40186065435409546, 0.24263103306293488, -2.616929292678833, -0.3956398069858551, 1.5804413557052612, 0.4258594512939453, 1.0037171840667725, 0.21662771701812744, 1.4091804027557373, -0.019077934324741364, 0.9600343704223633, 0.3555843234062195, 1.1233882904052734, 0.1300075352191925, 0.44191786646842957, -0.5607945919036865, 0.7714405655860901, 0.0591333732008934, 0.4769246280193329, -0.4263395667076111, 0.3095436096191406, -0.1847338080406189, -0.5475705862045288, 0.41503357887268066, 1.143816590309143, 0.8558565974235535, 1.0328096151351929, 0.844451367855072, -1.138421893119812, 0.34589749574661255, 0.9625086784362793, 0.5385010242462158, -0.42060714960098267, -0.19294598698616028, 0.7379786372184753, 0.8993885517120361, -0.021347325295209885, 0.4756012558937073, -0.08415886759757996, 1.9349408149719238, 0.7147842645645142, -1.609854817390442, 0.1719953417778015, 0.5047391057014465, 0.8162341117858887, -0.9979361295700073, 1.4996318817138672, 1.2034695148468018, 0.04391857236623764, -0.6721574664115906, -0.18813154101371765, 0.1976613700389862, -0.2002938687801361, -1.3784291744232178, 1.4072396755218506, 1.560598611831665, 0.4141232371330261, 0.30954498052597046, -0.276532918214798, -1.1214866638183594, 1.7511065006256104, 0.8738222122192383, 0.6901333332061768, 2.307039260864258, -0.18070371448993683, 0.044216305017471313, -0.9783533811569214, 0.007416320964694023, 0.024156153202056885, -0.2649376392364502, 1.1164908409118652, -0.6609675884246826, 0.17599934339523315, -0.7455655336380005, -0.3147734999656677, -1.6548399925231934, -0.7304718494415283, -0.8786419034004211, -0.6784049272537231, 0.7486920356750488, 0.23457849025726318, 0.39783766865730286, 0.7275277376174927, -0.15008240938186646, 0.7695951461791992, 0.1422959715127945, -0.043796468526124954, 0.03238952159881592, -0.16430127620697021, 0.7177704572677612, 0.5018070936203003, -1.5673304796218872, 0.04121045023202896, 0.4987315833568573, -0.7463062405586243, -0.19566358625888824, 0.46240320801734924, 0.7368580102920532, -0.2981043756008148, -1.132860779762268, 0.3033997714519501, 0.3612958788871765, 0.19388574361801147, 0.6781235933303833, 0.4504483938217163, 0.7362931966781616, -0.25218498706817627, -0.5948874950408936, -1.1328550577163696, 1.0273939371109009, -0.517632246017456, 0.39101552963256836, 0.05803276598453522, -0.2225654125213623, 0.27982306480407715, -0.3252869248390198, 1.3211616277694702, -1.2548421621322632, -0.015907924622297287, -0.008936911821365356, -0.6246634721755981, -0.22330786287784576, 1.248678207397461, 0.7164734601974487, 0.7977330684661865, 0.4891350567340851, -1.122896671295166, -0.031792037189006805, 0.010370388627052307, -0.8713817596435547, -0.35140055418014526, -0.951257586479187, 0.3706262409687042, 0.09561428427696228, 0.29599729180336, 0.47099149227142334, -0.17811456322669983, -0.4144739508628845, -0.14443667232990265, 0.392873615026474, 0.36605873703956604, 0.7935734987258911, 0.26131975650787354, -0.04414457827806473, 0.409391313791275, -0.6696863174438477, 0.321525901556015, 0.036009207367897034, 0.5691851377487183, 0.24725860357284546, -0.2593763470649719, 0.24136051535606384, -0.7974578738212585, 0.5549979209899902, 0.26804521679878235, -1.1026643514633179, 0.22432217001914978, 0.7564702033996582, 0.35776597261428833, -0.26436248421669006, 1.4380226135253906, -0.7402302026748657, -1.0095100402832031, 0.48721036314964294, 0.18534225225448608, -0.9376233816146851, -0.3591811954975128, 0.8140745759010315, 0.7362606525421143, 0.3452572822570801, -0.4701997637748718, -0.647258460521698, -0.9706124067306519, -0.12115704268217087, 0.0718856230378151, 1.2517175674438477, 1.348152756690979, -0.5437103509902954, 0.364096999168396, -0.7657876014709473, 0.8342208862304688, -1.2014193534851074, -0.6589351892471313, -0.5419731140136719, -1.3475381135940552, 0.10322946310043335, -0.48605039715766907, -0.06938521564006805, -0.8559645414352417, -0.5849871635437012, 0.20574338734149933, -0.8714189529418945, -0.5990976095199585, -0.52756667137146, -0.4640257954597473, -0.9015336036682129, 1.1552436351776123, 0.6063789129257202, 0.7711920738220215, -0.03028881549835205, 0.13713181018829346, 0.04754038155078888, 0.009513169527053833, 0.30186527967453003, -0.702862560749054, 0.28322821855545044, 0.005357366055250168, -0.5387045741081238, 0.8254216909408569, -0.3547878861427307, 0.8811155557632446, -1.1236240863800049, -0.1401888132095337, -0.6940209865570068, 0.6412402391433716, 0.07419727742671967, -0.07191766798496246, -0.6238487958908081, -1.037599802017212, 0.9371484518051147, 0.2486223429441452, 0.46000638604164124, -0.9503028988838196, -0.5640605092048645, 1.0273852348327637, -1.0170717239379883, -1.3547536134719849, 0.019370824098587036, 0.4754662811756134, -0.23308706283569336, 0.5657132267951965, -1.169443130493164, 0.8996044397354126, 1.3190696239471436, -0.38001781702041626, 0.9110404253005981, 0.662958025932312, -0.032709404826164246, -0.04510847479104996, -0.019152820110321045, 0.03439299017190933, 0.9166556596755981, 0.24717330932617188, 0.3592626452445984, -0.6212194561958313, 0.9502817392349243, -0.27668297290802, -0.2686305046081543, 0.3506790101528168, 0.7176957726478577, -0.7929152250289917, 0.19247105717658997, 0.824354887008667, 0.5890027284622192, 0.08633146435022354, -1.4826884269714355, -0.46016553044319153, -0.7335115671157837, 0.28561508655548096, -0.4650344252586365, 0.37132278084754944, -0.3801777958869934, 0.0760180875658989, -1.0626850128173828, -0.22440925240516663, -0.6394277811050415, 0.44703251123428345, -0.5511106252670288, 0.3198418915271759, -0.5369198322296143, 0.3461436629295349, 0.8319363594055176, -0.920335054397583, -0.16745144128799438, 0.5191189646720886, -0.18793675303459167, 0.356230765581131, -0.22678902745246887, -0.8277118802070618, 0.386188268661499, -1.2352442741394043, -1.2500975131988525, -0.3066251873970032, 0.5863189101219177, 0.3561321198940277, -0.34937816858291626, -0.24359126389026642, 1.0159705877304077, 0.32640981674194336, 0.2622496783733368, 0.9438447952270508, 0.44116875529289246, -1.4185166358947754, 0.5859735012054443, -1.0779520273208618, 0.017137646675109863, 0.15690483152866364, -0.1360338032245636, -0.4357025623321533, -0.4166511595249176, 0.9332873225212097, 1.0531480312347412, 1.0944883823394775, 1.0362803936004639, -0.09229879081249237, -0.8937348127365112, 0.6473236083984375, -0.06345124542713165, 1.4373834133148193, -0.32587283849716187, -0.2985185980796814, 0.10154765099287033, -0.39906686544418335, 0.5030245780944824, 0.07544776797294617, 0.5970829129219055, -0.34615546464920044, 0.24280837178230286, 1.1265044212341309, 0.8049707412719727, -0.45671987533569336, 0.13810621201992035, 0.0400337278842926, 0.3097994923591614, 0.2829623520374298, -0.7137035131454468, -0.3606247901916504, 1.8683757781982422, -0.9571961164474487, 0.08785122632980347, 0.07829749584197998, 1.6702311038970947, 0.2462836652994156, -0.8849760293960571, 0.3563570976257324, 0.141696497797966, -0.7321152687072754, 0.12370778620243073, -0.3507676124572754, 0.8132789134979248, -0.022011756896972656, -0.47038933634757996, 0.6474037170410156, -0.8421586751937866, -0.7754449248313904, -0.2865021526813507, -1.5923230648040771, 0.05807996168732643, 0.5380227565765381, 0.8491327166557312, -0.6387865543365479, 0.8109148740768433, 0.102134570479393, 0.28601202368736267, 0.1828206181526184, 0.0856468603014946, -0.08755326271057129, 0.5103762745857239, -1.0265464782714844, 0.4819979667663574, 0.2686992287635803, 0.2452116757631302, 0.4720745086669922, -1.5017486810684204, -0.10551360994577408, 1.8217021226882935, -0.4386690557003021, -0.5234723091125488, 0.6351118683815002, -0.1698719710111618, 1.1955130100250244, -0.6320223212242126, -0.6552998423576355, -0.10290683805942535, 0.5822892785072327, -0.23996813595294952, -1.3320279121398926, -1.005064845085144, 0.20278215408325195, 1.032043218612671, 0.7076579332351685, -1.209352970123291, 0.15177172422409058, 0.5032382607460022, 1.3115990161895752, -0.3476054072380066, -0.021864771842956543, 0.03805794194340706, -0.3816004693508148, 0.37003248929977417, 0.46449828147888184, -0.48645657300949097, 0.12049530446529388, -0.58537757396698, 0.22718772292137146, -0.9285902976989746, 0.7152313590049744, 0.6879394054412842, 1.295774221420288, 0.4114362895488739, 0.2088460922241211, -0.5185167789459229, 0.16594193875789642, 0.7738733291625977, -0.1864812970161438, 0.33302438259124756, -0.6340219974517822, -0.5529330968856812, 0.5056665539741516, 0.0100456103682518, 0.4538028836250305, 0.13075073063373566, 0.18418395519256592, -1.6493123769760132, 0.18733608722686768, 1.2199294567108154, 0.9419090151786804, 0.5497225522994995, -0.31031766533851624, -0.8325536251068115, 0.08296014368534088, 0.850210428237915, -0.04165274277329445, -0.7253328561782837, 0.3730977773666382, 1.5008337497711182, -0.000372081995010376, 0.4361215829849243, 0.1542607843875885, -1.8723962306976318, -0.8373682498931885, -0.0965687483549118, 0.2212417721748352, 0.33886483311653137, -0.40664517879486084, 0.45632219314575195, -0.05514994263648987, -0.1798054575920105, 0.9375070333480835, -0.159032940864563, 1.2273756265640259, 0.7044844627380371, -0.7234989404678345, 1.0923194885253906, 0.5891851782798767, 2.35898494720459, 0.3094486892223358, -0.9248742461204529, -1.5510802268981934, 0.053534358739852905, 0.33439207077026367, -0.5262302160263062, 0.48414042592048645, 0.5394834280014038, 0.9333460927009583, -0.5092933773994446, 0.002537086606025696, 0.7940689921379089, 0.3769758641719818, 0.19138354063034058, 0.24931390583515167, 0.42548370361328125, -1.1639561653137207, 1.0528253316879272, -0.006452888250350952, -0.9109200835227966, 0.3959071636199951, -0.21588367223739624, 0.5128024816513062, -0.03981095179915428, -0.649188756942749, 0.13130353391170502, 0.3408052325248718, -1.4146500825881958, -0.19274994730949402, -0.5206805467605591, -0.17036181688308716, 0.6860122084617615, 0.25541892647743225, 0.4474774897098541, -0.3060520887374878, 0.04063979536294937, -1.3970227241516113, -0.09640239924192429, 0.20404675602912903, 0.9238502979278564, 0.07684564590454102, -0.3904125988483429, 0.012319523841142654, -0.1840786337852478, 1.3294103145599365, 0.21060624718666077, 0.2149941325187683, -0.40387797355651855, 0.4509250521659851, 1.2190067768096924, -0.5619112253189087, 0.9350991249084473, -0.2957163453102112, -0.52459716796875, -0.603041410446167, 0.19721360504627228, -0.26320430636405945, 0.6158905029296875, 0.05005878582596779, -0.26060977578163147, -0.09209658205509186, -0.6906045079231262, -0.0852411687374115, 0.5192524194717407, -0.9106200933456421, -1.4625227451324463, 0.7425974607467651, 0.49130338430404663, 0.5658965110778809, -0.37786975502967834, 0.03277365863323212, -0.3816487789154053, -0.9399898648262024, 0.5819255709648132, 0.6696809530258179, -0.8291317224502563, -0.2429915964603424, -1.1277153491973877, -0.17093311250209808, 0.8747354745864868, 1.2565878629684448, -1.0819802284240723, 0.2730673551559448, -0.6562575101852417, -0.5969274640083313, 0.8736554384231567, -0.09713171422481537, -0.5914862155914307, 0.08576411753892899, -1.0313055515289307, -0.290096253156662, -0.11088578402996063, 0.09803824871778488, 0.6466085910797119, 0.2867560386657715, -0.7470807433128357, -0.028892703354358673, 0.02826423943042755, -1.100279450416565, -0.6457113027572632, -0.35823681950569153, 1.1238749027252197, -0.697155237197876, -0.33300134539604187, 0.7822215557098389, -0.5026569366455078, -0.4244241714477539, -0.2503603994846344, 0.08392491936683655, -0.768561601638794, 0.34392690658569336, 0.1375194489955902, -0.8049783706665039, -0.13809211552143097, 1.3178174495697021, 0.6764231324195862, 1.351853847503662, -0.2308475822210312, 1.0571039915084839, -1.342944860458374, 0.322665274143219, 0.7926572561264038, -0.6081501245498657, 0.7830237150192261, -0.017408860847353935, 0.04262485355138779, -1.2470952272415161, -0.5858660340309143, -0.016369115561246872, -0.760259747505188, 0.06253930926322937, -1.145599365234375, -1.1715412139892578, -0.31138062477111816, 0.6829466819763184, -0.9461789131164551, 0.4053962528705597, 1.1119420528411865, 0.1856004297733307, -0.42943453788757324, -0.9571986198425293, -0.249586284160614, 0.892852783203125, -1.01106858253479, -0.5499823093414307, -0.2866055369377136, 0.21060946583747864, -0.58888840675354, -0.4931641221046448, -0.3866784870624542, -1.044442892074585, -0.5356661081314087, 0.053056247532367706, -0.43293923139572144, 0.38912758231163025, -0.5966735482215881, 1.2532734870910645, -1.0856221914291382, -0.4089575409889221, 0.6831502914428711, 0.10326491296291351, 0.29363998770713806, -0.7162036895751953, -0.5925782918930054, -1.225132703781128, 0.5261263847351074, 0.5144621133804321, -1.0549060106277466, 1.1730318069458008, -1.930585265159607, 0.400826096534729, -0.27240321040153503, -0.48742109537124634, -0.3198612928390503, -2.0078086853027344, -1.2699339389801025, 0.8973641991615295, -0.7199591398239136, 1.3446638584136963, -0.44817811250686646, 0.12794449925422668, -0.8632990717887878, -0.07304764539003372, -0.2770000398159027, 0.04307038336992264, -0.26441383361816406, -1.3511617183685303, -0.5697751045227051, -0.8381574749946594, 0.5863720774650574, 0.011967796832323074, -0.7661392688751221, 0.6910945177078247, -0.5840137600898743, 0.6723687648773193, -0.3849186897277832, -0.12547199428081512, -0.046215370297431946, 0.7213093042373657, -0.8959042429924011, 0.2760007977485657, 0.24316835403442383, 0.4884178638458252, -0.5488830804824829, 1.3352347612380981, 0.8423663973808289, 0.37877169251441956, -0.10988299548625946, 0.03608325123786926, -0.24993346631526947, -0.09158264100551605, -0.8701363205909729, -1.9359350204467773, -0.6815611720085144, -0.5925031304359436, 0.7072999477386475, 0.46568191051483154, 1.2461273670196533, 0.40046074986457825, -0.5855264663696289, -0.07405292987823486, -1.1088194847106934, -0.16723856329917908, 0.27120208740234375, -0.29980868101119995, -0.1258929818868637, 0.5957145690917969, -0.28892767429351807, 0.5688522458076477, 1.9443690776824951, -0.2031557559967041, -0.3557474613189697, 0.21265164017677307, 0.17406882345676422, -0.349852979183197, -0.9513270854949951, -0.2642053961753845, 0.40217357873916626, 0.2515358328819275, -1.3364976644515991, -0.2093738317489624, -0.8008036613464355, 0.015791192650794983, -1.0466678142547607, 0.2537122368812561, -0.9453960657119751, 0.30529332160949707, 0.3070915639400482, -0.09198939055204391, -0.4878298044204712, 0.489914208650589, 0.21267098188400269, -0.2167372852563858, 0.6457746028900146, -1.5349493026733398, -0.06853172183036804, 0.025388501584529877, -0.12588658928871155, 0.5345932841300964, -0.3011353015899658, -0.775977611541748, -0.3787909150123596, -0.7228469848632812, 0.4135732650756836, -0.10794813930988312, 1.3151437044143677, -0.23868295550346375, 0.8415430784225464, 0.6046898365020752, 0.19175127148628235, 0.24734438955783844, 0.9736120700836182, -0.3698393404483795, 0.11365003883838654, 0.45055192708969116, -0.758823037147522, -0.8818302750587463, -1.4060804843902588, -0.16701605916023254, 0.19393344223499298, 1.6131761074066162, -1.268737554550171, 1.047304391860962, -0.9256277084350586, -0.16722674667835236, -0.18408557772636414, 0.056620821356773376, 0.05995069444179535, -0.6064742207527161, 0.40762194991111755, -0.6746968626976013, -0.7108702659606934, -0.8797507286071777, -0.6283347010612488, -1.2731413841247559, -0.2643238604068756, -0.4609965980052948, 0.8443256616592407, 0.8530077338218689, 0.8815661668777466, -0.40693795680999756, 1.0310115814208984, 0.39524006843566895, -0.059103891253471375, 0.12836101651191711, -0.6141119599342346, -1.2926170825958252, 0.42097944021224976, -0.6197143793106079, 0.24697265028953552, 0.8958500027656555, -0.009642928838729858, 2.498399257659912, 0.16742940247058868, 0.5298426151275635, -1.0903398990631104, 0.09916715323925018, -0.6999139189720154, -0.22181694209575653, -1.1491295099258423, -0.37773627042770386, -0.624555766582489]"
tkt_009,Feature request: Voice commands for Aura,Would be great if Aura could accept voice input for hands-free operation during design work.,2024-05-28 15:15:00,,,usr_007,usr_008,sts_001,pri_001,cat_003,"[-0.08479586988687515, 1.309030294418335, -3.1592578887939453, -1.5117913484573364, 1.1244289875030518, -0.13679033517837524, 0.7101565003395081, 0.6812334656715393, -0.5636502504348755, -0.522348165512085, 0.18949784338474274, 1.0263006687164307, 0.7769408822059631, 1.57382071018219, 0.7518934011459351, 0.5860697031021118, -0.0013452842831611633, -0.9503777623176575, -0.4966530501842499, -0.41270697116851807, 0.1337711364030838, -2.0335988998413086, -0.8261753916740417, 0.07262453436851501, 1.6049742698669434, 0.8059942126274109, 1.034578800201416, 0.5004191398620605, -0.5729886293411255, -0.01583840698003769, 0.9092637896537781, 0.08978245407342911, 0.866356372833252, 0.33553609251976013, -0.5864084362983704, -0.5348513722419739, 0.44630691409111023, 0.08346617221832275, -0.4698958098888397, 1.7050001621246338, 0.9004610776901245, -0.9281045794487, -0.6315988302230835, -0.266804963350296, 1.2659716606140137, -1.3818559646606445, 1.4249935150146484, 0.14379000663757324, 0.8434538841247559, -0.8105113506317139, -0.31719672679901123, -1.2782573699951172, -0.9981333017349243, -0.5282423496246338, 0.5732213258743286, 0.04249852895736694, 1.2427690029144287, 0.32557356357574463, -0.0895862728357315, -1.258948802947998, 1.0230765342712402, 0.8814214468002319, -0.48385944962501526, 2.360459804534912, 0.7438144683837891, 0.2490329146385193, -0.5267701148986816, 0.2628942131996155, 0.1405903697013855, 0.1647520661354065, 0.7627082467079163, 0.0015122294425964355, 0.6379175186157227, 0.5271374583244324, 0.48967117071151733, 0.1330873966217041, -1.3444876670837402, -1.0452895164489746, 0.092817023396492, 0.8460017442703247, 0.5541656613349915, -0.8476947546005249, 0.820930004119873, -0.24086469411849976, 0.9199520349502563, 0.05899503082036972, -0.048595130443573, -0.3827974796295166, 0.23433157801628113, 1.387868881225586, 0.2226620316505432, 0.1623326987028122, -0.25719910860061646, 0.28229454159736633, -0.588003933429718, -0.031449802219867706, 0.8002110123634338, -0.6778767108917236, 1.0307166576385498, -0.7692078948020935, -0.22760897874832153, -0.3266904652118683, -0.4237527847290039, 0.19010870158672333, 0.1023145243525505, 0.20943321287631989, -0.5529592037200928, -0.3942151367664337, -0.5264531373977661, -0.08671341091394424, 0.24833840131759644, -0.2642660140991211, -0.2258860468864441, 0.3075893521308899, 0.12778981029987335, -1.173112392425537, 1.881171464920044, -1.277570366859436, -0.07441921532154083, 0.8382495641708374, -0.033288583159446716, -1.255918025970459, 0.16866187751293182, -1.1803491115570068, -0.14708375930786133, 1.1070818901062012, -0.7156269550323486, -0.21912707388401031, -1.030177116394043, -1.2646570205688477, -0.4951406419277191, -0.49882999062538147, -0.6564693450927734, -0.1753665804862976, 0.2551547884941101, 0.5269694328308105, -0.6521033048629761, -1.0039446353912354, 0.7367344498634338, -0.5599308609962463, 1.0078846216201782, 0.6906713843345642, -0.5374543070793152, 0.0551324225962162, 0.5628275871276855, -1.4445314407348633, 0.8219650983810425, -0.005374453961849213, 0.33175867795944214, 0.4263758659362793, 0.2594125270843506, -0.21101710200309753, 0.6600127816200256, 0.7673386335372925, 0.1214517205953598, -0.8826044201850891, -0.8054989576339722, 0.2574222683906555, 0.4562809467315674, 0.41827619075775146, 1.2625924348831177, 0.6769090890884399, -1.8486425876617432, -0.33760371804237366, 0.6275933980941772, -0.9905486106872559, 0.5215663313865662, 0.5522477626800537, 0.8503081798553467, -0.10637363791465759, -0.8261192440986633, -0.29733988642692566, -1.1479793787002563, 0.9108113646507263, 1.2504445314407349, 0.6732827425003052, 0.5999011993408203, -0.9703401327133179, 0.8929723501205444, -0.3505355715751648, 0.5781401991844177, -1.4770636558532715, 0.16848072409629822, 0.16553287208080292, -0.742034912109375, 0.08322006464004517, -0.6981117725372314, -1.372504472732544, -0.08110067248344421, -0.6208444237709045, 0.2080966830253601, 0.6564044952392578, -1.6066985130310059, -0.563462495803833, -0.6280171871185303, -0.6680718660354614, 1.4355268478393555, 0.04189090430736542, 0.5028436183929443, 0.43640851974487305, -0.47057321667671204, -0.1673346757888794, 0.1216791495680809, 0.14702008664608002, -1.2019152641296387, 0.47586730122566223, 1.2006516456604004, -0.0005487203598022461, 0.1835813820362091, -0.47134271264076233, 2.012204647064209, -0.49434569478034973, -0.18461263179779053, -1.501405954360962, 0.66456538438797, -0.0889049768447876, -0.3006419241428375, -0.850602388381958, -0.007640806958079338, 0.5933679938316345, 0.44929325580596924, -0.36629143357276917, 0.2096371352672577, -0.026504233479499817, -0.25063556432724, -1.207211971282959, -0.6801502108573914, 0.18434500694274902, -0.010450974106788635, -0.9130491018295288, -0.17384564876556396, -1.4934701919555664, 1.2381553649902344, 0.21822991967201233, -0.23902717232704163, 1.225993037223816, 0.5486516952514648, 0.3083035349845886, 0.05825193226337433, -0.14770403504371643, 0.9210453033447266, 0.3295559287071228, 0.011686176061630249, -0.013504572212696075, -1.5360944271087646, 0.463813841342926, -1.4434751272201538, -0.1184033453464508, 0.3412076532840729, 0.44442033767700195, -0.8439027070999146, 0.19006584584712982, 0.1874813288450241, -0.552142858505249, 0.3596228361129761, 0.21266362071037292, -0.16927219927310944, -0.42038342356681824, 1.040557861328125, -1.3042248487472534, 0.03161080181598663, -1.2393730878829956, 0.15933799743652344, -0.9929002523422241, -0.8390370607376099, -0.8959328532218933, 0.020055469125509262, 0.5234477519989014, 0.8138461112976074, -1.3055082559585571, 0.7521660327911377, 1.376619815826416, -0.6411966681480408, 0.38455700874328613, -0.029651828110218048, -0.06481451541185379, 1.0263512134552002, 0.5454150438308716, 0.12184824794530869, 1.1526482105255127, -1.4364174604415894, -1.6339253187179565, -0.6833606958389282, 0.7849133014678955, -0.22951866686344147, 1.1760332584381104, 0.23689793050289154, 1.5166734457015991, 0.23166479170322418, -0.2204478234052658, 1.2428984642028809, -0.0625186562538147, -0.6725340485572815, -0.7294187545776367, -0.753517746925354, 1.3302974700927734, 0.6108145713806152, 0.41668111085891724, 0.21793244779109955, 0.48357078433036804, 0.8115128874778748, 0.2221984565258026, 0.6468954086303711, -0.01934303157031536, -1.644455909729004, -0.8231387138366699, 0.008407173678278923, -0.022878184914588928, 2.039156913757324, 0.3845035433769226, 0.0613136887550354, -0.08394603431224823, -0.2381540685892105, 0.5831975936889648, -0.9565788507461548, 0.2332020401954651, 0.5507847666740417, 0.8929138779640198, 0.5503450036048889, 0.03537499159574509, -0.4797273874282837, -0.35889339447021484, 0.0639479011297226, -0.15015409886837006, 0.23459136486053467, 0.6839979887008667, 0.18550868332386017, 1.407113790512085, -0.5838830471038818, -0.15299414098262787, 0.06425419449806213, 0.4724368155002594, 1.1161417961120605, -1.0995913743972778, -0.04308083653450012, 0.47869184613227844, 0.7666770219802856, 0.4910372197628021, 0.1774095594882965, 0.4723595380783081, 0.4002116918563843, -0.5137885808944702, 0.2507929801940918, -0.5219589471817017, -0.31435757875442505, -0.3370925784111023, -0.55951988697052, -0.06262657046318054, 1.2618123292922974, 1.3009889125823975, 0.14469516277313232, 0.1670374870300293, -0.18730251491069794, -0.2889692485332489, 0.5235836505889893, -0.26135027408599854, 0.919677197933197, 0.9891396760940552, -0.18821817636489868, 0.3635644316673279, 0.017949990928173065, 0.00437522679567337, 0.37272322177886963, -2.4778060913085938, 0.6975876092910767, -0.13947021961212158, 0.9999036192893982, 0.10698805749416351, 0.6134158372879028, -0.20221960544586182, 1.1592299938201904, -1.0234512090682983, -0.8186707496643066, 0.039077028632164, -0.24063365161418915, -0.24786719679832458, -0.28894227743148804, -1.033224105834961, 0.7107040882110596, 1.4203517436981201, 0.189244344830513, -0.9016566276550293, -0.12084793299436569, -0.10255423188209534, 1.1145546436309814, -0.2035047709941864, -0.35231757164001465, 0.7462623715400696, -0.8249692320823669, -0.2429201453924179, 0.19995655119419098, -1.573819875717163, -0.1266098916530609, -0.058067623525857925, -0.4760613441467285, -1.2252254486083984, 0.7564769983291626, -0.36174988746643066, 0.4967966079711914, 1.1423532962799072, -0.33645644783973694, -0.4742826819419861, 0.33841651678085327, 0.9185179471969604, 0.23366203904151917, -0.8800274729728699, -0.2740790843963623, -0.6805797815322876, 0.2480093240737915, 0.009634733200073242, 0.06964194029569626, 0.045854225754737854, 0.4213886260986328, -0.8595698475837708, 0.5941075086593628, 0.37774384021759033, 0.9687541723251343, 0.1368381679058075, 0.509630560874939, 0.07357247173786163, -0.27552881836891174, 0.2158961296081543, 0.3922675549983978, 0.5221635103225708, 0.48483654856681824, 0.2936555743217468, 0.8101708889007568, 0.6420487761497498, -0.11943550407886505, -2.262760877609253, 0.5961823463439941, 0.16441921889781952, 0.7124059200286865, -0.16494295001029968, -0.39209696650505066, -0.13513882458209991, -0.7777276039123535, -0.35181930661201477, 0.8388875126838684, 1.1220065355300903, 0.26453620195388794, -0.734323263168335, -0.5615759491920471, -0.8971809148788452, 0.11002162098884583, 1.744011640548706, 0.6773523092269897, -0.42521175742149353, -1.6698672771453857, 1.1030349731445312, 0.05342812463641167, -0.05174190551042557, -0.49716663360595703, 0.3713040351867676, 1.7728718519210815, -0.61380934715271, 0.05947745963931084, -0.8506020307540894, 0.9871243834495544, -0.0030865296721458435, 0.5103861093521118, 0.17816537618637085, -1.018193244934082, 0.8596867322921753, 0.29976052045822144, -0.3008275628089905, -0.22167326509952545, -0.9440409541130066, 0.9427350163459778, 0.2488267421722412, -0.8436075448989868, 0.44080716371536255, 1.4328765869140625, 0.34313955903053284, -1.4084253311157227, -0.19140592217445374, -0.174869105219841, 0.04934679716825485, 0.0665142610669136, 1.684906244277954, -0.554566502571106, -0.04244949668645859, -1.2064847946166992, -0.5553737878799438, -0.8098537921905518, -0.15448203682899475, -0.30605822801589966, -0.05638176202774048, -0.669754147529602, 0.32224318385124207, 1.0394587516784668, 0.2825777530670166, -0.24047930538654327, 0.2698044776916504, -0.40314948558807373, 0.4811634421348572, -1.1980416774749756, 0.8561761379241943, -0.06645432114601135, -0.6236312985420227, 0.04629279673099518, -0.0748637467622757, -0.5715814828872681, -0.10058119148015976, -0.16473862528800964, -0.6936036348342896, -0.06585341691970825, -0.9276399612426758, 0.05413497984409332, 1.0436599254608154, -0.1771089881658554, -0.23717935383319855, -0.26463770866394043, 0.6010056138038635, -0.017176251858472824, -0.5597570538520813, 0.5112820267677307, -1.2560287714004517, -1.6985276937484741, 0.8717581629753113, 1.0946252346038818, -0.6049882769584656, -0.6527191400527954, -0.562200129032135, -1.1086487770080566, 0.9535793662071228, 1.2025747299194336, -0.9626044631004333, 0.8652751445770264, 0.04486028850078583, 0.3185001015663147, 1.4046522378921509, -1.1584067344665527, -0.8230762481689453, -0.30228936672210693, -0.7971118092536926, -0.003698202781379223, 1.3307619094848633, -0.4673042297363281, 0.20094814896583557, 0.09993688762187958, -0.14067456126213074, 0.19977137446403503, -0.0993596613407135, 0.11794519424438477, 0.23774415254592896, 0.268431156873703, 0.7450864315032959, -0.9707837104797363, -0.5108320713043213, 0.5198306441307068, -1.28120756149292, -0.113937146961689, 0.35629111528396606, 0.31715843081474304, -1.5182344913482666, -0.33220624923706055, -0.11563935875892639, -0.05811641365289688, -0.1774028241634369, 0.6163170337677002, 0.7953065633773804, 0.8959574103355408, 0.4317365288734436, -0.07793650776147842, -0.3104128837585449, 0.6154677867889404, 0.755804717540741, 0.20297282934188843, 1.5521907806396484, -0.14440272748470306, -1.0181005001068115, -0.8404090404510498, -0.7359702587127686, 0.020229727029800415, -0.5290567874908447, 0.577618420124054, -0.9615799188613892, -0.94407719373703, -0.40209609270095825, -0.6509036421775818, -1.0307228565216064, -0.015962470322847366, 0.10044920444488525, -0.1444924771785736, -0.54282546043396, -0.8211062550544739, -0.06209693104028702, 0.27798494696617126, -0.2661478817462921, -0.5567824840545654, -1.747978687286377, 0.3223481774330139, -0.3913741409778595, -0.5428193807601929, -0.16911110281944275, -0.8172497749328613, -0.40092554688453674, -0.15862500667572021, -0.4025126099586487, 0.049547046422958374, 0.2837902903556824, 0.530614972114563, 0.3060414791107178, -0.43955352902412415, 1.022775650024414, 0.4753075838088989, 0.391242116689682, -0.6565736532211304, -0.7911313772201538, -0.3927857577800751, 0.6165591478347778, 0.8506228923797607, -0.8396565914154053, 1.2417118549346924, -0.37607648968696594, 0.9340697526931763, 0.2351645827293396, -0.9605811238288879, 0.26396095752716064, -0.25032302737236023, -1.0202465057373047, 0.8766850233078003, 0.2082001268863678, 0.7898584008216858, -0.654526948928833, -0.6120601296424866, -0.18877172470092773, -0.26188021898269653, 0.909532368183136, -0.5249122381210327, 0.5303662419319153, -0.8510016798973083, -0.09989747405052185, -1.2066782712936401, 0.7990112900733948, 0.5782710313796997, -0.9101764559745789, 0.8100559711456299, -0.22401270270347595, 0.4653548002243042, -0.6704447269439697, 0.34976130723953247, 0.7530784606933594, 0.8508167266845703, 0.2620147466659546, 1.4279091358184814, 0.36280643939971924, 0.7563731670379639, -0.22149614989757538, 1.574615716934204, 1.4315011501312256, 0.5620944499969482, -0.5352281928062439, 0.10533684492111206, 0.20469123125076294, 0.1475527584552765, -0.06396360695362091, -1.718726396560669, -0.17679202556610107, 0.05556708574295044, -0.13716956973075867, -0.10613783448934555, 0.8952075242996216, 0.7931183576583862, -0.7217912673950195, 0.4713526964187622, -0.1834959089756012, -0.8616926670074463, -0.019151493906974792, 0.17417830228805542, 0.9048638343811035, -0.29294461011886597, -0.6500181555747986, 0.37767294049263, 0.7029121518135071, 0.8152918219566345, 0.5301029086112976, 0.29864946007728577, 0.6109732389450073, 0.6890347003936768, -0.8288402557373047, -0.5859662890434265, 0.010051853954792023, 0.43215471506118774, -1.458648920059204, 0.49163517355918884, 0.4966847896575928, -0.5965142250061035, -0.3569674491882324, -0.4468114376068115, 0.3171304762363434, -0.6715503931045532, -0.030151091516017914, -0.5430329442024231, -0.014428198337554932, 0.6805920600891113, -0.10400102287530899, -0.9758609533309937, 2.191915988922119, -0.3753283619880676, 0.46517208218574524, 0.16592645645141602, 1.0818605422973633, -0.3492819368839264, -0.5347504615783691, 0.5087915658950806, 0.2778112590312958, -1.093110203742981, -0.10302859544754028, -0.7377444505691528, 1.1747422218322754, -0.29755479097366333, 1.761929988861084, -0.6280396580696106, 0.18183808028697968, -0.6298274993896484, 1.3367836475372314, -0.3008900582790375, 0.5400813221931458, 0.5581859350204468, -0.4949764609336853, -1.323340892791748, -0.7995998859405518, -0.23616474866867065, 0.8163766860961914, 0.5305075645446777, -0.8685963153839111, 0.11409744620323181, -0.4805300831794739, -0.5967006087303162, -1.1773813962936401, -0.02661847695708275, 0.9374043345451355, -0.40624457597732544, -0.06897185742855072, -0.573264479637146, -0.10810136795043945, -1.3325562477111816, -0.4883946180343628, -0.8501043319702148, -0.03072577342391014, -0.24671848118305206, 0.49915987253189087, 0.27813440561294556, -0.1978081911802292, -0.7443838119506836, 1.2769672870635986, 0.39862215518951416, -0.9306843280792236, -0.6418006420135498, -0.30298346281051636, -1.6080656051635742, -0.4229666590690613, 0.4021368622779846, 0.5604970455169678, 0.9020290374755859, 0.5091315507888794, 1.875775933265686, -0.22731563448905945, -0.30259063839912415, -0.7371241450309753, -0.33662843704223633, -0.5557963252067566, -0.583869457244873, -0.767587423324585, 0.062077756971120834, -0.06069058179855347]"
tkt_010,Aura returning partial responses,Aura responses are getting cut off mid-sentence. Seems to happen with longer technical explanations.,2024-05-29 11:30:00,,Identified token limit issue in response generation. Increased response buffer and added continuation handling.,usr_009,usr_005,sts_005,pri_002,cat_007,"[1.6672906875610352, 0.42493537068367004, -3.292137861251831, -1.3166625499725342, 1.8453688621520996, 0.15722937881946564, 2.0882861614227295, 0.37524038553237915, 0.2744956612586975, -0.3039351999759674, 0.5398567914962769, 0.467145174741745, 0.32682740688323975, 1.0148669481277466, 0.5268355011940002, -1.7229094505310059, 0.5440956354141235, -0.8669266104698181, -0.6030879616737366, 0.3946645259857178, -0.2204158455133438, -0.4713633358478546, -0.8134112358093262, 0.049033284187316895, 0.7923943996429443, 1.2139785289764404, 0.36925309896469116, 0.5068186521530151, -0.610575258731842, 0.002267301082611084, 0.3592250943183899, 0.628785252571106, 0.09680348634719849, -0.28065162897109985, -1.778874158859253, -0.14617952704429626, 0.4252355694770813, 0.17826032638549805, -0.5934821963310242, 1.4053776264190674, 0.9680919647216797, -1.4464545249938965, 0.390657514333725, 0.3435227870941162, 0.451931357383728, -1.107830286026001, 0.5438892841339111, 0.862379789352417, -0.9750948548316956, -1.0386064052581787, 0.0021531954407691956, -0.42561185359954834, -0.26470324397087097, -0.17431753873825073, 1.5348103046417236, 1.3610574007034302, 0.005880493670701981, 0.29303374886512756, 0.6407421231269836, -1.299835205078125, 1.3270537853240967, 0.36517274379730225, -0.5220835208892822, 1.2966148853302002, 0.4952287971973419, -0.6709843873977661, -0.37459027767181396, 0.4847625494003296, -0.21934643387794495, -0.28622958064079285, 1.1749730110168457, -0.12220532447099686, -0.8530046939849854, -0.31320124864578247, 0.22369423508644104, -0.9652025699615479, -1.7476825714111328, 0.03396226465702057, -0.3859380781650543, 0.7170315384864807, -0.5124058127403259, -0.042117923498153687, 0.3346896469593048, 0.6920242309570312, 1.0029197931289673, 0.8041810989379883, -0.6941163539886475, -0.4896012544631958, -0.6561103463172913, 0.9687089920043945, 0.17396128177642822, -1.2068898677825928, 0.7868341207504272, -0.5753848552703857, -0.83268803358078, 0.6787831783294678, 0.495460569858551, -0.6619762182235718, -0.3348066806793213, -0.9369716644287109, -0.6163846254348755, 0.20485901832580566, -0.2492676079273224, -0.511603593826294, 0.644199013710022, 0.08592363446950912, -0.45168158411979675, -0.9175532460212708, -0.7254528999328613, 0.8146957159042358, -1.3612011671066284, 0.6809775233268738, -0.7967664003372192, -0.5144137144088745, 0.06778724491596222, -0.42620161175727844, 1.3655682802200317, -1.4389362335205078, -0.5626683831214905, 0.34157460927963257, -0.3103705942630768, -0.46575361490249634, -0.10343055427074432, 0.026322878897190094, -0.362413614988327, 1.0628926753997803, -0.8116814494132996, 0.5720226764678955, 0.1251993477344513, -0.5297640562057495, -0.00040435791015625, -0.7507851123809814, -0.6240405440330505, 0.36768627166748047, 0.2268959879875183, 0.2602786719799042, 0.3226926326751709, -0.03742063790559769, 0.5973936319351196, 1.011979341506958, 0.786607563495636, -0.6689630746841431, 0.19714456796646118, -1.1125143766403198, 0.5511443018913269, -0.16156142950057983, 1.25858473777771, -0.16292704641819, 0.3099108040332794, -1.0104036331176758, 0.7645910978317261, 0.9363139867782593, -0.04618122801184654, 0.4367679953575134, 0.76398104429245, -0.18710538744926453, 0.2811947166919708, -0.6071383953094482, -0.2834843695163727, -0.0221879705786705, 1.1986685991287231, -0.20793944597244263, -0.22332610189914703, 0.8364460468292236, 0.1291763335466385, 0.030377041548490524, 0.11442899703979492, 0.3791581392288208, 0.4788356125354767, -0.7554600834846497, -1.1566370725631714, -0.22986704111099243, -0.764087438583374, 0.2634987533092499, 0.7748830914497375, 1.9134068489074707, 2.5015668869018555, -0.9480145573616028, 0.3205494284629822, 0.005930634215474129, 0.48613959550857544, -0.8396018743515015, 0.6881755590438843, 0.20462414622306824, 0.9214605093002319, -1.177270770072937, 0.1873685121536255, 0.5167104005813599, -1.3295338153839111, -1.1885160207748413, -0.43326738476753235, -0.0374143011868, -1.8077939748764038, -0.9720462560653687, -0.6077302098274231, -1.023311734199524, 0.9690507054328918, -0.5531296133995056, -0.14919297397136688, 0.6715325713157654, -0.6670042276382446, -0.424720823764801, -0.4338386654853821, 0.014851640909910202, -0.40389102697372437, 0.7223454713821411, -0.641619086265564, 0.008831515908241272, -0.7431865930557251, 0.006332362070679665, 1.699510931968689, -0.13271650671958923, 0.22599339485168457, 0.29250261187553406, 0.7021268606185913, -0.484566867351532, 0.07192319631576538, -0.09657340496778488, 0.5253444314002991, 0.7672613859176636, 0.23500777781009674, -0.1166124939918518, 0.45637524127960205, -0.46686649322509766, 0.35067927837371826, -0.6442099809646606, -0.9829872846603394, -0.2630199193954468, -0.527928352355957, 0.12374237924814224, 0.3521905243396759, -1.0177419185638428, 0.8899064660072327, 0.02706831693649292, -0.08251194655895233, -0.43971115350723267, 0.7612625956535339, -0.6439452171325684, -0.20786096155643463, -0.8999230861663818, -0.6603667140007019, 0.746592104434967, 0.5951950550079346, 0.4575904905796051, -0.8956013917922974, -0.02378322184085846, 0.004920884966850281, -0.4877201020717621, -0.43149250745773315, 0.42767542600631714, -0.6622956991195679, 0.700506329536438, 0.5544774532318115, 0.5473679304122925, 0.7000299692153931, -1.2036092281341553, -0.499005526304245, 0.1921418309211731, 1.2867019176483154, -1.2863608598709106, 0.20947754383087158, -0.6112538576126099, 0.10928693413734436, -0.5035372972488403, -0.8499581217765808, -0.8294920921325684, 1.0946933031082153, -0.02461306005716324, 0.09036962687969208, -0.9725470542907715, 0.002505943179130554, 1.4817228317260742, 0.019988607615232468, 1.0400151014328003, 0.7129004597663879, 0.30361318588256836, 0.721595048904419, -0.2972618341445923, 0.20843559503555298, 0.314115971326828, -1.0937175750732422, -0.05696550011634827, -0.18430092930793762, 0.8528361916542053, 0.5784296989440918, 0.07772187888622284, 0.3625304102897644, 0.6302856206893921, 0.09886385500431061, 0.741034984588623, 0.34122902154922485, -0.27544131875038147, -0.40790054202079773, 0.3597332835197449, -1.4770574569702148, 0.21138674020767212, 0.8400918245315552, -0.4498041272163391, 1.1222058534622192, -0.5855908989906311, 0.6876405477523804, 0.6388510465621948, 0.4730755090713501, 0.5966668725013733, -0.6737937927246094, -0.46614107489585876, 0.2639475464820862, -0.669439435005188, 1.5035353899002075, 0.15160679817199707, -0.7562263011932373, -0.5923833847045898, 0.6338919401168823, 0.12232561409473419, 0.32567763328552246, 0.3234887421131134, 0.3267492651939392, 0.8353205919265747, 0.43993932008743286, 0.09264136105775833, -0.6967056393623352, -0.8407813906669617, 0.41364040970802307, -0.370439350605011, -0.49500611424446106, -0.13610900938510895, -0.5255601406097412, 0.8228140473365784, -1.2778098583221436, 0.47948959469795227, 0.07561159133911133, -0.4127945303916931, 0.683163046836853, -1.232445478439331, 0.4826013445854187, 0.020183514803647995, -0.06966140121221542, 0.5263662338256836, 0.28315025568008423, 0.217616006731987, 0.6526570320129395, -0.08756083250045776, 0.524397611618042, -0.17379271984100342, -0.3051404058933258, -0.04384520649909973, -1.3122369050979614, 0.07528611272573471, 0.7846222519874573, -0.24948787689208984, 0.17162677645683289, 0.9394808411598206, -0.7126728296279907, 0.12221290171146393, -0.366665780544281, 0.643517255783081, 1.1570430994033813, 0.49693796038627625, 0.4416438937187195, 0.22627398371696472, 0.7825607061386108, -0.8227670192718506, 0.15967749059200287, -1.143585443496704, -0.5694579482078552, 1.2296648025512695, 0.6170497536659241, 0.7059447765350342, 0.3689112067222595, -0.8477487564086914, 0.7879157662391663, 0.07378820329904556, -1.172373652458191, 0.047820284962654114, -0.5495342016220093, -0.7510924935340881, -1.0889354944229126, -0.2715200185775757, 0.27107638120651245, 1.3129165172576904, 1.1281235218048096, 0.322504460811615, 0.23876729607582092, -0.16994205117225647, 1.3235986232757568, -0.10215690732002258, -0.294098436832428, -0.8050974607467651, -0.359783411026001, -0.6378150582313538, 0.10739682614803314, -0.7869012355804443, -1.2434784173965454, -0.1189977303147316, 0.5674612522125244, -2.1217167377471924, 0.1628328561782837, 1.0855276584625244, 0.7064722776412964, 1.1968666315078735, -1.5125105381011963, -1.1409602165222168, 0.08916158974170685, 0.051680758595466614, -0.028981979936361313, -0.22652706503868103, -0.6928473711013794, -0.8314788937568665, 0.10300263017416, 0.5901721715927124, -0.4543853998184204, -0.2882685363292694, -1.0505465269088745, -1.714750051498413, 0.13743704557418823, 0.972177267074585, 1.3619753122329712, 1.0620415210723877, 0.3716237545013428, -0.4465705156326294, 0.699807345867157, 0.6997861862182617, -0.3519231677055359, 0.5653122663497925, 0.18243417143821716, 0.5603467226028442, 0.026647239923477173, 0.7021563053131104, 0.18869748711585999, -0.8778183460235596, 0.8995062112808228, 0.290801465511322, 1.5966901779174805, -0.08520524203777313, -0.6475720405578613, 0.9515982866287231, -1.4719948768615723, 0.708743691444397, 0.35839274525642395, 0.812973141670227, 0.3749350607395172, -0.6917692422866821, 0.11105687916278839, -0.703333854675293, 0.9600521326065063, 1.552584171295166, 0.8906005620956421, -0.7898786067962646, -1.20732843875885, 0.1454639881849289, -1.2131195068359375, 0.49171459674835205, 0.21277274191379547, -0.25466713309288025, 1.8489550352096558, -1.457429051399231, 0.6053580045700073, 0.7204563617706299, 0.28705623745918274, 0.8410385847091675, -0.6089054346084595, 0.726287841796875, -1.1754581928253174, 0.6431093811988831, 0.42795300483703613, -0.4425208568572998, 0.7046437859535217, -0.8708605766296387, 0.5814805626869202, -0.264596164226532, -0.9870216846466064, 0.48102444410324097, 0.47892993688583374, -1.3562427759170532, -0.3883877098560333, 0.23600023984909058, -0.047410111874341965, 0.3884519338607788, 0.5954545140266418, 1.0966432094573975, 0.5580495595932007, -0.36033645272254944, -1.0155613422393799, -0.28683772683143616, -0.21650025248527527, 1.1607426404953003, 1.1820197105407715, -0.5279355645179749, 0.40672212839126587, -0.16461387276649475, 1.5563920736312866, 0.16345317661762238, -0.2509613037109375, -0.1610642373561859, -0.5574256181716919, 0.13797464966773987, -0.49775615334510803, -0.22336474061012268, -0.018628671765327454, 0.33366599678993225, -0.7892153859138489, 0.9363344311714172, -0.5827494859695435, 0.15891051292419434, -0.41434383392333984, -0.6510893106460571, -0.04410261660814285, -1.6288025379180908, -0.585112452507019, 0.8883669376373291, -0.10011060535907745, 0.9740555882453918, 0.9269612431526184, 0.18676939606666565, 0.6244709491729736, -0.6924473643302917, 0.6696188449859619, -0.016920611262321472, -1.1291797161102295, 1.0760095119476318, 0.5645874738693237, -1.16163170337677, -0.1697966605424881, -0.3365311622619629, -0.6559401750564575, 1.116652488708496, 0.7091351747512817, -1.5108163356781006, 0.9360920190811157, -0.6178435683250427, 0.47430914640426636, 0.7544275522232056, -1.0901541709899902, -0.36935728788375854, 0.4619980454444885, -0.21151182055473328, -0.6992020606994629, -0.1518784463405609, 0.17023885250091553, 0.27940818667411804, -0.6779435873031616, 0.44475242495536804, -0.48161816596984863, 0.28495529294013977, 0.04894784092903137, -0.021588608622550964, 0.43438923358917236, -0.15462709963321686, -0.3885992467403412, -1.2369917631149292, 0.4984077513217926, -0.6473221778869629, -0.20926827192306519, -0.19097846746444702, 0.5333579182624817, -0.48810240626335144, -0.18862980604171753, -0.3237992823123932, -0.006141770631074905, 0.20100638270378113, -0.4395790696144104, 0.357421875, 1.7901873588562012, 0.217428058385849, 0.36735254526138306, -0.894654393196106, -0.3062579035758972, -0.3676704466342926, -0.6661775708198547, 0.3822084069252014, 1.4241209030151367, -1.0166038274765015, 0.006644163280725479, -0.17135325074195862, -0.4612545073032379, 0.5653904676437378, 0.21321861445903778, -1.039023995399475, -1.4213101863861084, -0.6647735834121704, -0.5343117713928223, -1.4948920011520386, 0.2751839756965637, 1.1049039363861084, -0.08050358295440674, 0.02579808607697487, -0.5849961638450623, 0.6204167008399963, 0.16755656898021698, -0.17108909785747528, -1.1389145851135254, -1.068162441253662, 0.24134303629398346, -1.3428703546524048, -0.312370628118515, -0.5893417000770569, -0.35392141342163086, -0.2516331076622009, -1.1572850942611694, -0.3287292718887329, 0.13518942892551422, 0.3051699697971344, 1.146273136138916, -1.559880018234253, 0.7606210708618164, 0.19805189967155457, 0.7282848954200745, 0.8394505977630615, -0.5566812753677368, -0.5272097587585449, 0.4627198278903961, 0.43035849928855896, 0.6629899740219116, -0.48387467861175537, 0.3638187050819397, -1.0259003639221191, 0.8425555229187012, 0.007670998573303223, -0.22938209772109985, 0.2761602997779846, -1.5241966247558594, -2.042156934738159, 0.8061012625694275, -0.866793692111969, 1.1501411199569702, 0.2696727216243744, -0.07317952811717987, -1.8346551656723022, -0.5339731574058533, 0.16737455129623413, -0.0166226364672184, 0.961444616317749, -0.7796382308006287, 0.24541035294532776, -0.39046093821525574, 0.8601539731025696, -0.08034016937017441, -0.3050776720046997, 0.46732908487319946, 0.30114656686782837, 0.9122692942619324, -0.38154345750808716, -0.8435680866241455, -0.1723424792289734, -0.25337347388267517, -0.44888678193092346, 0.5791601538658142, 1.3793901205062866, -0.14278090000152588, -1.1140893697738647, 2.0868029594421387, 1.3780152797698975, 0.5814986228942871, 0.1936221867799759, 0.4441486597061157, 0.17007920145988464, 0.09258521348237991, -0.06934890151023865, -0.673470139503479, -1.0498449802398682, 0.0983123630285263, 0.10117952525615692, -0.07593749463558197, 0.8900327682495117, 0.020460158586502075, 0.013116255402565002, 0.7666630744934082, -1.2912321090698242, -0.02693869173526764, -0.11144011467695236, 0.7330325841903687, 0.036859333515167236, 1.00836181640625, -0.300931453704834, 0.8049678206443787, 1.6045470237731934, 0.058578260242938995, -0.23197489976882935, 0.8233681917190552, -0.32833385467529297, -0.6085910797119141, -0.03887980431318283, 0.4008506238460541, -0.3327487111091614, -0.4584166705608368, -0.2956608831882477, -0.14728949964046478, -0.14437702298164368, -0.16019541025161743, 0.05727262794971466, 0.023408927023410797, 0.51900315284729, -0.376350462436676, 0.20193766057491302, 0.5306047201156616, -0.054258860647678375, 0.3995804190635681, 0.03712184727191925, 0.29328206181526184, 1.3358383178710938, -0.7293599843978882, 0.954955518245697, 0.30119895935058594, 0.6384944319725037, 0.14908619225025177, -0.553563117980957, 0.8038268089294434, -0.539374589920044, 0.8162473440170288, 0.17895972728729248, -0.024971820414066315, 0.802160918712616, -0.4574716091156006, 1.5003666877746582, -0.6383283138275146, -0.19490164518356323, -0.3486953377723694, -0.6844066977500916, 0.10838767886161804, -0.14580389857292175, 0.33961421251296997, -0.7480356097221375, -1.0718717575073242, -0.322256475687027, 0.18449455499649048, -0.12821072340011597, 0.761457085609436, -0.6273147463798523, 1.2151072025299072, 0.1188451275229454, -0.42268893122673035, -0.3499782383441925, -0.8811941146850586, 0.8744136095046997, -0.2944822907447815, 0.5515812635421753, -0.42028772830963135, -0.5047098398208618, -0.8570846319198608, -0.7712485790252686, -0.6266493797302246, -0.781307578086853, -0.05088895186781883, 1.0802206993103027, 0.05488128960132599, -0.8971870541572571, -0.4193723499774933, 0.6321473121643066, 0.2027544379234314, -0.8272355794906616, -0.5006769299507141, -1.0126802921295166, -0.9441180229187012, 0.13281089067459106, 0.047276295721530914, 0.4768090546131134, -0.3732531666755676, 0.32649874687194824, 1.800894021987915, 0.2980547249317169, 0.35310646891593933, -0.3278772234916687, 0.5156049728393555, -1.017290711402893, -0.4479793906211853, -0.664358913898468, -0.6694867610931396, -0.7570470571517944]"
tkt_011,Cannot find Aura documentation,Looking for comprehensive user guide for Aura but can't locate it on the intranet.,2024-05-29 14:45:00,,Provided direct links to Aura documentation portal and added bookmark to user's intranet favorites.,usr_006,usr_002,sts_005,pri_001,cat_010,"[0.11894246935844421, 1.296541452407837, -3.1186811923980713, -1.8300715684890747, 0.19274035096168518, -0.22333571314811707, 1.2046236991882324, 0.8338212966918945, -0.3635751008987427, -0.6323503255844116, 0.5122339129447937, 0.2904060482978821, 1.2160357236862183, -0.09997329115867615, 0.18580366671085358, -1.9173728227615356, -0.36711135506629944, 0.18735283613204956, 0.6714032888412476, -0.6227641701698303, 0.24242687225341797, -1.2789325714111328, -0.44569167494773865, 0.34059596061706543, 1.1805787086486816, 0.5348526239395142, 1.0899274349212646, -0.12967552244663239, -0.5369642972946167, -1.0762579441070557, 0.02892899513244629, 0.027758479118347168, 0.4561709463596344, 0.2537735104560852, -0.32883572578430176, -0.3570769429206848, 0.18294192850589752, -0.32203567028045654, -0.3740817606449127, 2.1717000007629395, 1.159785270690918, -1.2397359609603882, 0.03052344173192978, -0.7116633057594299, -0.31843116879463196, -0.6842803955078125, 1.3683676719665527, 0.08122606575489044, 0.15676787495613098, 0.013222472742199898, 0.20829293131828308, -0.1519518792629242, 0.30776122212409973, -0.5031934380531311, 0.9358826875686646, 0.3722301125526428, 0.23108525574207306, 0.8093253374099731, 0.1003781110048294, -2.1111364364624023, 2.3605763912200928, 0.902655303478241, -0.46623504161834717, 1.5037620067596436, 0.488727867603302, -0.6912213563919067, -0.7477379441261292, 0.4449334740638733, -0.26147860288619995, -0.27719637751579285, 1.0486125946044922, 0.08473851531744003, 1.204012393951416, 0.5345427989959717, -0.33306604623794556, -0.5755481719970703, -1.2257179021835327, -0.8302209377288818, 0.05449751019477844, 1.4708819389343262, 0.9895205497741699, 0.5129624605178833, 1.0867820978164673, -0.6755906343460083, 0.36161166429519653, 0.27330440282821655, -0.3050324320793152, -0.5565981864929199, 0.5955041646957397, 0.02928059548139572, 0.3879685401916504, -0.05312415957450867, -0.19970837235450745, -0.09437783807516098, -0.508456826210022, 0.08193361759185791, -0.19149330258369446, 0.0922110378742218, -0.29171258211135864, -1.2439289093017578, -0.475600004196167, 0.005256623029708862, 0.34712326526641846, 1.1559054851531982, 0.05817563086748123, 0.418887197971344, -0.23697389662265778, -0.8814774751663208, -1.0463972091674805, 1.0505956411361694, -0.5587131381034851, -0.6360232830047607, -0.10366611927747726, 0.0807395800948143, -0.0834902673959732, -0.021175984293222427, 2.19561505317688, -1.0268959999084473, 0.2324208915233612, 1.531587839126587, -0.5690116882324219, -0.568488597869873, 1.2247323989868164, 0.458614706993103, 1.1040680408477783, 0.04579561948776245, -0.7768869996070862, -0.3882747292518616, -0.04713398590683937, -0.36840561032295227, -0.013715669512748718, -1.2972267866134644, -0.44423723220825195, -0.1948232650756836, 0.3284088671207428, 0.6908863186836243, 0.434227854013443, -0.30977171659469604, -0.4901880919933319, 0.553450345993042, 1.133886456489563, 0.3442980647087097, -0.4878115952014923, -0.26137781143188477, 1.2166597843170166, -1.131002426147461, 0.37627294659614563, -0.6974502801895142, -0.18883022665977478, 0.4550221860408783, 0.6274624466896057, 0.687982439994812, -0.8830354809761047, -0.3636927604675293, 0.2760857045650482, -1.4804331064224243, -0.460713267326355, -0.5253709554672241, 0.7623673677444458, -0.0036573484539985657, 1.3849443197250366, 0.6662288904190063, -0.8226941823959351, 0.8213350772857666, 0.8966116905212402, -1.0140609741210938, 0.8085117340087891, 0.759648323059082, 1.0886785984039307, -0.27510395646095276, -0.667698860168457, -0.7188337445259094, -0.5061013698577881, 0.09201137721538544, 1.1443569660186768, 0.9729055166244507, 1.349348783493042, 0.48403704166412354, 0.9340958595275879, -1.142963171005249, 0.5374538898468018, -1.0546246767044067, 0.8950944542884827, 0.2831993103027344, -0.19795213639736176, -0.18818017840385437, -0.13267457485198975, -0.4372302293777466, -0.4510115385055542, 0.17290844023227692, -0.17891433835029602, -0.05596593767404556, -0.22636860609054565, -1.2041274309158325, -0.2652975022792816, -0.5376065969467163, 0.911903977394104, 0.43949806690216064, 0.9091140627861023, 0.41477084159851074, -0.7116613388061523, -0.08292445540428162, -0.05060184746980667, 0.797171950340271, -1.4673974514007568, 0.511707603931427, -0.12149406969547272, -0.5793542861938477, 0.8544899225234985, 0.20406244695186615, 0.660964846611023, -0.6429207921028137, 0.7982468008995056, -0.017780348658561707, 0.5814597606658936, -0.4053807556629181, 0.12452159076929092, -1.0343377590179443, -0.023647762835025787, 0.20411153137683868, 0.9081243872642517, -0.16998407244682312, 0.07422948628664017, -0.4240502715110779, 0.19697582721710205, -0.5654972791671753, -0.7154685258865356, -0.14374828338623047, 0.7505821585655212, -0.2937220335006714, -0.5629898309707642, -1.537688136100769, 0.6754246354103088, 0.2648794651031494, -0.613896369934082, 0.6794250011444092, 0.6789169907569885, 0.2685993015766144, -0.10396592319011688, 0.31566083431243896, -0.22614172101020813, 0.35000526905059814, 0.9435110092163086, 0.48669761419296265, -1.539771318435669, 0.009590066969394684, -0.4776240587234497, -0.11228859424591064, -0.2567592263221741, 1.6103761196136475, 0.24616125226020813, 0.3653826117515564, 0.4645584225654602, 0.8346900343894958, 0.6456665992736816, -0.32801687717437744, -0.4292360544204712, -0.43285155296325684, 1.101720929145813, -1.3462896347045898, 0.8150945901870728, -0.8457884788513184, 0.5945765972137451, -0.31925860047340393, -0.2511622905731201, -1.2639249563217163, 0.26635637879371643, -0.2875599265098572, 0.7459798455238342, -0.9024861454963684, 0.5776280760765076, 0.7926486730575562, -0.9288462400436401, 0.06771934032440186, 0.29795753955841064, 0.021392464637756348, 1.149361491203308, 0.7770042419433594, -0.6459236145019531, 0.3621074855327606, -0.4151794910430908, -1.1870200634002686, -0.3411639332771301, 0.21884386241436005, 0.23942607641220093, -0.393207311630249, -0.10194854438304901, 1.31527841091156, -0.2303667515516281, 0.4967968463897705, 0.16566786170005798, -0.2961580753326416, -0.8574057817459106, 0.16760800778865814, -1.0984894037246704, 0.11254338920116425, 0.12502843141555786, 0.6685992479324341, -0.16414734721183777, -0.730689287185669, 0.023086056113243103, 0.21785838901996613, 1.0212448835372925, 1.1875309944152832, 0.04625916853547096, -0.4571048319339752, -0.41062939167022705, -0.49330615997314453, 1.0462356805801392, -0.004175171256065369, -0.9940928220748901, -0.5674106478691101, -0.0979088842868805, 0.31909364461898804, 0.7248236536979675, 0.5476362109184265, 0.9147139191627502, 0.7774436473846436, 0.914149284362793, 0.7331393361091614, -0.507172167301178, -1.0996063947677612, 0.05533713102340698, 0.2531742751598358, 0.19750212132930756, -0.24270766973495483, -0.32823866605758667, 1.3103934526443481, -0.32859283685684204, -0.5487025380134583, -0.7540991306304932, -0.40807661414146423, 0.6687127947807312, -0.41785553097724915, 0.31509047746658325, 0.05318225920200348, -0.01522815227508545, 0.4587119221687317, 0.45097261667251587, 0.5849875211715698, 1.3559932708740234, -1.1076545715332031, -0.1941279023885727, -0.6035096645355225, -0.38363462686538696, -0.8579161763191223, -1.3590028285980225, 0.7237561345100403, 0.29069748520851135, 0.03170496225357056, -0.24094559252262115, 0.7222589254379272, -0.8120557069778442, -0.7343841791152954, -0.7861417531967163, -0.766647219657898, 0.5080230832099915, 1.2198779582977295, -0.05054948106408119, 0.13120940327644348, -0.25702399015426636, 0.6102158427238464, 0.8870067000389099, -1.2933554649353027, 0.09249041229486465, 1.2417449951171875, 1.2120100259780884, -0.6431067585945129, 1.0429399013519287, 0.1546434760093689, 0.8918805122375488, -0.8778699040412903, -0.2608681321144104, 0.20958490669727325, -0.78855299949646, -0.4796696603298187, -1.0646437406539917, -0.38946202397346497, 0.3924195170402527, 1.188929557800293, 0.9468225836753845, -0.5398626327514648, 0.6808379292488098, 0.6263104677200317, 0.5283869504928589, -0.01714962348341942, -0.11121833324432373, -0.6142828464508057, -0.36340028047561646, -0.2306404411792755, 0.5738431811332703, -2.1649155616760254, -0.5741249322891235, -0.6241767406463623, -0.13485348224639893, -1.932579755783081, 1.2860745191574097, 1.262420892715454, 0.353939950466156, 1.74727463722229, -0.7546274662017822, -0.8052926063537598, 0.43855422735214233, 0.34626466035842896, -1.1104274988174438, 0.9707290530204773, -1.4460713863372803, -1.2188382148742676, 1.0592477321624756, 0.40087682008743286, 0.18609315156936646, 0.36164525151252747, 0.006288737058639526, -0.8502044677734375, -0.18344193696975708, 0.9674445390701294, 0.9385162591934204, -0.16673555970191956, -0.4210785925388336, -0.8034617900848389, -0.6314066052436829, -0.5324552655220032, 0.07881742715835571, 0.027427928522229195, -0.2862880825996399, 1.2368993759155273, 0.843964695930481, 1.2620809078216553, 0.5121510028839111, -1.2052772045135498, -1.1430984735488892, -0.24996820092201233, 0.3067486882209778, 0.33404111862182617, -1.1034737825393677, 0.3153901696205139, 0.11978430300951004, 0.7136025428771973, 0.590395987033844, -0.3968329429626465, 0.8657195568084717, 0.14071792364120483, -0.17485035955905914, -0.9763373136520386, -0.8740977048873901, 2.2758567333221436, 0.35169219970703125, -0.31994926929473877, -1.9868055582046509, 0.3537400960922241, -0.008434832096099854, -0.5694512724876404, 0.017474181950092316, 0.637958824634552, 0.8083140254020691, -0.6135684251785278, 0.41559237241744995, 0.6441049575805664, 0.7889288067817688, 0.28256097435951233, -0.14806324243545532, 0.009495213627815247, -1.140730619430542, 0.5256754159927368, 0.41485393047332764, -0.6407788991928101, -0.006069820374250412, 0.13708408176898956, 0.015969131141901016, 0.2806331515312195, -0.07773692905902863, 0.3785024881362915, 0.4840345084667206, -1.591514229774475, -0.37031492590904236, 0.3861505091190338, 0.45433419942855835, -0.014752127230167389, -0.022034257650375366, 0.5264923572540283, -0.5095920562744141, 0.17799654603004456, -1.7337732315063477, -0.5980582237243652, 0.17364899814128876, 0.17021863162517548, -0.24226486682891846, -0.18788543343544006, 0.050217337906360626, -0.06992097198963165, 0.2302504926919937, 0.3125187158584595, 0.6029655337333679, -0.0767916738986969, -0.5897910594940186, -0.5185965299606323, -0.44473087787628174, -0.22232356667518616, 0.3632791042327881, -0.4199395775794983, -0.5914502739906311, 1.0775755643844604, -0.9528524875640869, -0.03259354084730148, 0.41613003611564636, -0.9236010313034058, 0.15709954500198364, -0.9298837184906006, -0.886237621307373, 0.4284716844558716, -0.06611105799674988, 0.1314593404531479, -0.48212361335754395, 0.5669229626655579, 0.13657265901565552, -0.5365355014801025, 0.7233548164367676, 0.5354194641113281, -0.5234951376914978, 0.7307393550872803, -0.4489198327064514, -0.4922657012939453, -0.46323633193969727, -1.3707783222198486, -0.9573931694030762, 0.9479772448539734, 0.3811051547527313, -0.6426162123680115, 0.9220106601715088, -0.23375549912452698, 0.7587147951126099, 0.44268798828125, -1.1782829761505127, -0.7976988554000854, 0.16461995244026184, -0.07203714549541473, -1.2783889770507812, 0.14378634095191956, -0.3906765580177307, 0.9741834402084351, 0.373243510723114, -0.15782438218593597, -0.9103910326957703, 0.0015038996934890747, -0.5211772918701172, -0.6658889055252075, -0.007259570062160492, 1.0392414331436157, -0.7021188735961914, -0.20701467990875244, 1.1244817972183228, -1.643986463546753, 0.31486666202545166, -0.5099151134490967, 0.21837012469768524, -0.9832254648208618, 0.027728119865059853, -0.006569311022758484, 0.6564294099807739, 0.29954561591148376, 0.32472604513168335, -0.38249123096466064, 1.047372817993164, 0.373613178730011, -0.48027536273002625, -0.8494141101837158, 0.7627455592155457, 0.8196820020675659, 1.2712616920471191, 1.525171160697937, 0.2133418172597885, -0.9507513046264648, -0.8165405988693237, -0.7004426717758179, 0.5933396220207214, -0.3658212423324585, 1.0488650798797607, -1.179056167602539, 0.09090744704008102, -1.4021329879760742, -0.24125871062278748, -1.4276857376098633, 0.786375880241394, -0.7672895789146423, -0.06857259571552277, 0.016353383660316467, -1.2152328491210938, 0.8176789283752441, -0.07978248596191406, -1.1434948444366455, 0.1281215399503708, -0.12141245603561401, -0.019887641072273254, 0.16481000185012817, -0.20890770852565765, 0.7038654088973999, -0.35610276460647583, 0.5981184840202332, -0.10536405444145203, -0.46353960037231445, -1.2731057405471802, -0.433366060256958, 1.0802438259124756, -0.1882268190383911, 1.229458212852478, 1.0739667415618896, 0.7294301986694336, 1.0761603116989136, -0.6970028877258301, -0.2428557425737381, 0.4941248893737793, 0.43291446566581726, 0.5755739212036133, -0.7359205484390259, 1.381705641746521, -1.1067548990249634, -0.1292201578617096, 0.14950774610042572, -0.00811094045639038, 0.506035327911377, -0.7954039573669434, -1.4895997047424316, 0.88157057762146, 0.3975774645805359, 1.232959508895874, -0.7825110554695129, -0.3392488360404968, -0.5786293745040894, 0.4233596622943878, -0.40504345297813416, -0.4546968340873718, -0.015402035787701607, -0.7828806638717651, -0.5718874931335449, -0.5375826358795166, 0.32369112968444824, -0.22458451986312866, -0.45043259859085083, 1.4302021265029907, 0.26070237159729004, 0.9244226217269897, -1.2952967882156372, 0.41715261340141296, 0.1843137890100479, 0.303218811750412, -1.1086746454238892, 0.6841025352478027, 0.1834947168827057, 0.9239091873168945, -0.776530385017395, 2.006800889968872, 1.050875186920166, 0.10674620419740677, 0.08010512590408325, -0.48570793867111206, -0.2257542759180069, -0.07910245656967163, -0.6834392547607422, -1.8069841861724854, -0.20145559310913086, 0.08184285461902618, 0.0032805949449539185, 0.03021089732646942, 1.0841057300567627, -0.0009300857782363892, -0.9232882261276245, 0.45024818181991577, 0.014796525239944458, -0.004920661449432373, -0.48118558526039124, 0.42752134799957275, 1.0271393060684204, 0.3294092118740082, -0.9429041147232056, 0.950671911239624, 1.311011552810669, 0.147201269865036, 0.21743284165859222, 0.22629402577877045, -0.6269775032997131, 0.16089969873428345, -0.6107652187347412, 0.10601378977298737, 0.06538863480091095, -0.3103867173194885, -1.2504539489746094, -0.5895351767539978, -0.31313440203666687, 0.09834492206573486, 0.3404462933540344, -1.0910403728485107, -0.313581645488739, -0.3885614573955536, -0.6563941240310669, -0.6867084503173828, -0.016034170985221863, 0.6980361938476562, -0.2638128399848938, -0.5533251762390137, 1.3693432807922363, -0.5406346321105957, -0.30466607213020325, -0.11001570522785187, 0.799734354019165, -0.1992788314819336, 0.5683536529541016, -0.3886112570762634, -0.22742769122123718, 0.12306293845176697, 0.13248218595981598, -0.28069183230400085, 0.3020799160003662, -0.07380086183547974, 0.6606248021125793, -0.04381746053695679, 0.4338020384311676, -0.21865859627723694, 0.5456746816635132, 0.21169790625572205, -0.2465537041425705, 0.6121565103530884, 0.17120155692100525, -0.8387801647186279, -1.247944712638855, -0.5958220958709717, 0.7606830596923828, 2.1574320793151855, -0.898853600025177, 0.5202654600143433, -1.255440354347229, -0.6544629335403442, -0.8419870138168335, -1.021693468093872, 0.7511131763458252, -0.9942368268966675, -0.3592880964279175, -0.8668150901794434, -1.0908582210540771, 0.010136429220438004, -0.5562397241592407, 0.10299404710531235, 0.21566042304039001, -0.7937322854995728, -0.0897137001156807, -0.05696961283683777, 0.39634525775909424, -0.09141828864812851, 0.46689411997795105, 0.6552822589874268, -0.8388601541519165, -0.48665308952331543, -0.3810938596725464, -0.08818107843399048, -0.08893465250730515, -0.21284538507461548, 0.7157590985298157, 0.23026883602142334, 0.1995590478181839, 2.1934189796447754, 0.9102097749710083, 0.07619032263755798, -0.3519867956638336, 1.0208489894866943, 0.7870417833328247, -0.4471730589866638, -0.5079531669616699, 0.26147663593292236, -0.5280498266220093]"
tkt_012,Aura integration with Outlook calendar,Request to integrate Aura with Outlook so it can help schedule meetings and check availability.,2024-05-30 08:00:00,,,usr_008,usr_008,sts_001,pri_002,cat_004,"[-0.3782626986503601, 0.5494909286499023, -3.188102960586548, -1.7887908220291138, 0.4558914601802826, -0.8957173824310303, 0.6012650728225708, 0.025328293442726135, 0.7527501583099365, -0.5963091254234314, 0.7341546416282654, 1.3068060874938965, 0.9457067251205444, -0.045611172914505005, 0.46451428532600403, 0.06259725987911224, -0.3813741207122803, -0.846659779548645, -0.7611377239227295, 0.05197609215974808, 1.315500020980835, -0.6696409583091736, -0.6370386481285095, 0.32024943828582764, 1.2325592041015625, 1.4251798391342163, 0.7787065505981445, 0.3822478652000427, -1.2102030515670776, -0.7096521854400635, 0.003904692828655243, 0.6397277116775513, -0.04106372222304344, -0.6636103391647339, -0.14435380697250366, -0.6340901851654053, -0.20466509461402893, 0.475801020860672, 0.4156043231487274, 0.8674585819244385, 0.2757781445980072, -1.0148003101348877, 0.6686084866523743, -0.25484487414360046, 0.9510051012039185, -0.5724233388900757, 1.806642770767212, 0.6052451133728027, 1.212099552154541, -0.9338940382003784, -0.6458855867385864, -0.016016243025660515, 0.42491692304611206, -0.5437123775482178, 0.572930097579956, 1.1194074153900146, 1.5758013725280762, 1.0366451740264893, 0.03962846100330353, -0.3419826626777649, 2.2694854736328125, -0.17344292998313904, 0.01964295096695423, 1.477203130722046, 0.7494022250175476, -0.14666908979415894, -0.21019800007343292, -0.1942603588104248, 0.4036553204059601, -0.2123929262161255, 1.4635565280914307, -0.24246641993522644, 0.6261086463928223, 0.05640859156847, 0.4966309070587158, 0.4170295000076294, -0.9127732515335083, -0.9140571355819702, -0.4946384131908417, 0.6633352637290955, 1.0423219203948975, 0.20147551596164703, 1.1211060285568237, -0.13673919439315796, 0.9597344398498535, -0.0417727492749691, 0.5667887330055237, -0.6182174682617188, 0.5933767557144165, 0.6636782884597778, 0.21359217166900635, -0.5142380595207214, -0.4460700452327728, 0.714638352394104, -1.2541788816452026, 1.1951303482055664, 0.6138156056404114, -0.5839592814445496, -0.36021941900253296, -0.42859625816345215, -0.516348123550415, -0.05547177046537399, 0.2603312134742737, 0.132110133767128, -0.49544161558151245, -0.49776649475097656, -1.2365267276763916, -0.9204697012901306, -0.3203165829181671, 0.5291380286216736, 0.16001392900943756, -0.43264704942703247, -0.2445603609085083, -0.07793448120355606, 1.1233669519424438, 0.1895400881767273, 1.5331745147705078, -1.015979528427124, 0.676108717918396, 1.6823238134384155, 0.3251590430736542, -0.6985903978347778, 1.3910009860992432, 0.007078476250171661, 0.02690892666578293, 0.08450516313314438, 0.058377571403980255, -0.8162171840667725, -0.07433672249317169, -1.54865300655365, 0.4392207860946655, -0.7787607312202454, 0.05851122364401817, 0.06413348019123077, -0.6422194242477417, -0.525747537612915, 0.10915349423885345, -0.5396668314933777, 0.08681309223175049, 0.5886884927749634, 1.0795493125915527, 0.284656822681427, 0.33087512850761414, -0.028484005481004715, -0.6980751752853394, -0.43309420347213745, 0.1394684761762619, -0.9204570055007935, 0.09410842508077621, 0.9432090520858765, -1.1086632013320923, 0.14301759004592896, -1.0081787109375, 0.891677975654602, 0.8972645998001099, -1.654797077178955, -0.4396417438983917, -0.9426809549331665, 1.0203653573989868, -0.4192546606063843, 0.7929360866546631, 0.5460717678070068, -1.121739387512207, -0.2514779567718506, 0.6790685653686523, -1.2186765670776367, 1.315490961074829, 1.240891695022583, 0.13572722673416138, 0.06588350236415863, -0.621735692024231, -0.3142163157463074, -1.2512550354003906, -0.08878203481435776, 0.5132085680961609, 0.6510758399963379, 1.0856728553771973, -0.7475135922431946, 1.4673247337341309, -1.0926588773727417, -0.09335614740848541, -0.3994729518890381, 0.5450342893600464, -0.537564218044281, -0.7493478059768677, -0.5581939220428467, 0.7326842546463013, -0.17627930641174316, -0.3384414315223694, -0.3091539144515991, -0.06458967924118042, -0.5681281089782715, -0.22569692134857178, -1.698768973350525, -0.3788195252418518, -0.8530693054199219, 0.882990837097168, 0.11003891378641129, -0.634096086025238, 0.15589751303195953, -0.03469594568014145, 0.01361895352602005, -0.07155558466911316, 0.3287808895111084, 0.09134083986282349, 0.9511090517044067, 0.3881179690361023, -0.38665342330932617, 0.6608206033706665, 0.3526238799095154, 1.4947702884674072, -0.46099022030830383, 0.01462557166814804, -1.0053386688232422, 0.6985684633255005, 0.614348292350769, 0.18652485311031342, -0.09951150417327881, -0.2945137023925781, 1.2071161270141602, 1.0118358135223389, 0.051483362913131714, -0.39061546325683594, -0.1182372197508812, 0.1413566768169403, -0.15039347112178802, -0.9861892461776733, 0.3419947028160095, 0.12835393846035004, -0.32622164487838745, -0.40684956312179565, -0.16162171959877014, -0.27124297618865967, 1.5443967580795288, 0.16351911425590515, 0.9137072563171387, 1.0176976919174194, 0.4555761516094208, -0.18880799412727356, 0.04607512056827545, 0.16959664225578308, 0.5832313299179077, 1.1586495637893677, 0.18355533480644226, -1.1353681087493896, 0.5379904508590698, -0.33353179693222046, 0.5355983376502991, -0.07856239378452301, 1.065579891204834, 0.1317470818758011, -0.38588404655456543, -0.5954967141151428, 0.46212148666381836, 0.46388328075408936, -0.5100647807121277, -0.3142683804035187, 0.11008480936288834, 0.7492872476577759, -0.8996787071228027, 0.5652855634689331, -1.5334081649780273, 1.2611899375915527, -0.28536340594291687, 0.3967334032058716, -1.5755442380905151, -0.20831911265850067, 0.1083228588104248, -0.23012536764144897, -1.3209561109542847, 1.1102628707885742, 0.2859441637992859, -0.1424523890018463, 0.5295966863632202, -0.19933049380779266, -0.4354136288166046, 1.287280797958374, 0.011545062065124512, -0.5579597353935242, 0.9010644555091858, -0.8796869516372681, -2.1358072757720947, -0.2255854308605194, 1.1853303909301758, -0.29267215728759766, 0.8155232667922974, 0.7671908140182495, 2.1888768672943115, 0.4285266697406769, -0.034894220530986786, 1.354385495185852, -0.04548315331339836, -1.5472675561904907, -0.40829479694366455, -1.1441330909729004, -0.4500536322593689, 1.4404653310775757, -0.1906919628381729, 0.1544666886329651, 0.326639324426651, 0.1644897311925888, 0.6907936334609985, 0.6714633107185364, 0.12870270013809204, -0.47486624121665955, -0.32285207509994507, 0.054137490689754486, -0.4567892849445343, 1.0266497135162354, 0.12675762176513672, -0.18602490425109863, -0.02239498496055603, -0.5519882440567017, 0.6336423754692078, -1.0084693431854248, 0.7145876884460449, 0.5029964447021484, 1.1748028993606567, 0.841090977191925, 0.4775986969470978, -1.0998053550720215, -0.8048986792564392, -0.12858067452907562, 0.18004092574119568, -0.6908324956893921, 0.24492233991622925, -0.010151989758014679, 1.1854474544525146, -0.7015591859817505, 0.16107472777366638, -0.7604838609695435, 0.90449059009552, 0.0007845945656299591, -0.5043714046478271, 0.7878482341766357, 0.5102154016494751, 1.1553198099136353, -0.14659100770950317, -0.20887935161590576, 1.8323196172714233, 0.6019914746284485, -0.21492722630500793, 1.02326500415802, -1.7718971967697144, -0.31154105067253113, -0.8609207272529602, -1.1214931011199951, 0.10045640170574188, 0.4654403328895569, -0.16543231904506683, 0.10317452996969223, 0.08888700604438782, -0.09778735041618347, -0.5350306630134583, 1.041464924812317, -1.1047950983047485, 0.8587311506271362, 1.3104932308197021, -0.4139564335346222, 0.6266008615493774, -0.48311156034469604, 0.37685948610305786, 0.2895360589027405, -1.3325631618499756, -0.15018759667873383, 0.01018795371055603, 0.3500345051288605, -0.060116514563560486, 1.1581733226776123, 0.13724753260612488, 0.9730378985404968, -0.42710453271865845, -0.18951484560966492, 0.031102128326892853, -0.09497644007205963, -0.4517136216163635, -1.0879731178283691, 0.4584513306617737, 0.0762927383184433, 0.9463032484054565, 0.8592594861984253, -0.401460736989975, 0.40411871671676636, 1.0680615901947021, 0.4199034869670868, -0.1965884566307068, 0.7088243961334229, -0.3985283374786377, -1.1000956296920776, 0.02171410620212555, 0.5785010457038879, -0.7021473050117493, -0.2728119492530823, 0.4149071276187897, 0.5433575510978699, -1.242525339126587, 0.04078962653875351, 0.12356835603713989, 0.37453681230545044, 1.145821452140808, -0.29259616136550903, -2.1723780632019043, 0.8965047597885132, -0.01810319907963276, -0.47018635272979736, 0.435381144285202, -1.2553911209106445, -0.4258534014225006, 1.4321155548095703, 0.07448796927928925, 0.5806856155395508, 0.47524791955947876, -0.2550320625305176, -1.0754890441894531, 0.3466397225856781, 0.17884889245033264, 2.0183234214782715, -0.035287126898765564, -0.9765484929084778, -0.06108807027339935, -0.7794481515884399, -0.026783719658851624, -0.765025794506073, 0.384093701839447, -0.1392405927181244, 1.232243299484253, 0.3967074453830719, 0.6107496619224548, 0.057445280253887177, -1.186136245727539, -0.5842713117599487, 0.6156719923019409, 1.2831279039382935, 0.007531018927693367, -0.8135796785354614, -0.19013898074626923, 0.07424544543027878, 0.05118710920214653, 0.09354927390813828, 0.14815323054790497, -0.532585084438324, -0.4677204489707947, -0.4145757853984833, -0.443864107131958, -0.704095184803009, 2.0409066677093506, -0.1428607702255249, -0.9223028421401978, -0.3986150622367859, -0.6001073718070984, 1.2687174081802368, -1.0425591468811035, -0.18765448033809662, 0.9713790416717529, 1.3408781290054321, -0.6933393478393555, -0.13235609233379364, 0.2378791868686676, 0.14758026599884033, -0.07098795473575592, 0.08299966156482697, 1.0987354516983032, -0.5165476202964783, -0.2192804515361786, 0.04771002382040024, -0.612295389175415, 0.8992326259613037, -0.7958381175994873, 0.03974417597055435, 0.3347591757774353, -1.025572419166565, 0.1552121639251709, 0.806702733039856, -1.237699031829834, -0.7445177435874939, -0.9988393187522888, -0.4103967547416687, -0.6541960835456848, 0.9613069891929626, 0.9524827599525452, -0.45364561676979065, 0.1207275241613388, -1.0430665016174316, -0.19800809025764465, -0.6777318120002747, 0.1275843381881714, 0.1464182585477829, -0.6935141086578369, 0.6722580194473267, 0.3383912146091461, 0.3960295021533966, -0.33193424344062805, 0.7754625678062439, -0.5550943613052368, 0.9443852305412292, 0.010146945714950562, -0.09688161313533783, 0.41577470302581787, 0.3486540913581848, -0.9778159856796265, -0.18151874840259552, 0.4346456825733185, -1.122408151626587, -0.8026667833328247, 0.40841251611709595, -0.47090083360671997, 0.2892187237739563, -0.8666321039199829, -0.3528270423412323, 0.3678102195262909, 0.09084096550941467, -0.41875678300857544, 0.3762776553630829, 0.19015926122665405, 0.015273690223693848, -0.39368852972984314, 0.5869180560112, -0.6303009986877441, -0.6885367035865784, 0.7564212083816528, -0.017295410856604576, -0.46774932742118835, -0.2749578654766083, -1.5307602882385254, -0.8719407916069031, 0.15686626732349396, -0.5788993239402771, -0.9620632529258728, 1.067002534866333, -0.10489943623542786, 0.3121952712535858, 0.5052134394645691, -0.8274859189987183, -0.9104311466217041, 0.8271138072013855, -1.0237212181091309, -1.2680518627166748, 1.448561429977417, 0.6631631851196289, 0.5813478231430054, 0.178358793258667, -0.5181970596313477, -0.28568577766418457, -0.01251726970076561, -0.40739521384239197, -0.6435351371765137, -0.33166539669036865, 1.6736032962799072, -0.4757099747657776, -0.2867963910102844, 0.9480035305023193, -1.273362398147583, 0.11060383170843124, -1.2717432975769043, -0.24915030598640442, -0.38596856594085693, 0.8416190147399902, -0.5072840452194214, 0.05422276258468628, 1.0744041204452515, 0.9817867279052734, -0.054976679384708405, 0.4191170036792755, 1.2396087646484375, -0.0328877717256546, -0.6422628164291382, 1.094448208808899, 0.4579581022262573, 0.3316749632358551, 0.74697345495224, -0.3316260576248169, -1.3362488746643066, -0.8405214548110962, -0.3576051592826843, 0.9672068357467651, -1.0486708879470825, 1.0585795640945435, -0.43140146136283875, -0.6593629717826843, -0.7927942872047424, 0.09610168635845184, -0.42281895875930786, 0.16572701930999756, 0.4791938066482544, 0.843765377998352, 0.18346503376960754, -1.6195329427719116, 0.018668174743652344, -0.4717256426811218, -1.1926480531692505, -0.8593847155570984, 0.07875069975852966, 0.07671160995960236, -0.24248985946178436, -0.9588704109191895, 0.7814590930938721, -1.3961243629455566, 0.09252024441957474, -0.8568159341812134, -0.03449307754635811, -1.2191760540008545, -0.5223517417907715, 1.1453826427459717, 0.21827295422554016, -0.141998752951622, 1.2023283243179321, 0.6090144515037537, -0.3026558458805084, -1.0486679077148438, -1.0688562393188477, -0.09756995737552643, 0.24507871270179749, 1.1249781847000122, 0.3391411304473877, 1.411820888519287, -0.4568477272987366, -0.07135728001594543, 0.05955193191766739, -0.4654819965362549, -0.04507926106452942, -1.0435081720352173, -1.0861001014709473, 0.765856146812439, 0.28325867652893066, 0.1438600718975067, -0.28808677196502686, -0.7380952835083008, -0.7570412158966064, -0.5865072011947632, 0.15783369541168213, -0.1426015943288803, 0.3183717131614685, -0.5658862590789795, -0.06196197122335434, -0.24121257662773132, 0.6258527636528015, -0.6047938466072083, -0.27209368348121643, 0.1642397940158844, 0.39490824937820435, 0.4597744345664978, -0.5310137271881104, -0.27792850136756897, 0.938361406326294, 0.6981570720672607, -0.5557664632797241, 0.6319945454597473, -0.38761070370674133, 1.3842848539352417, 0.14138950407505035, 1.8244900703430176, 0.5157605409622192, 0.4777040183544159, 0.4618651866912842, 0.13217277824878693, 0.6093027591705322, -0.06622473150491714, -0.36730098724365234, -1.682544469833374, 0.3791430592536926, 0.02745693176984787, -0.4647267460823059, -0.617297887802124, 0.8618024587631226, 0.12410780042409897, -0.9655184745788574, 0.5116579532623291, -0.25042715668678284, -0.8247115612030029, -0.6260551810264587, -0.5648007392883301, 0.952333927154541, -0.4047883152961731, -1.4424833059310913, 0.4873873293399811, 1.0333741903305054, 0.9347623586654663, -0.21997161209583282, -0.21422280371189117, -0.16129754483699799, 0.27639904618263245, 0.3500785231590271, -0.33129987120628357, 0.5134302973747253, 0.11849901080131531, -0.7420914769172668, 0.449229896068573, 0.4842582941055298, 0.729926347732544, -0.06736467033624649, -0.19048680365085602, 0.3239165246486664, 0.04980026185512543, -0.6317229270935059, -0.47135233879089355, -0.46540188789367676, 0.03192223608493805, -0.6433802247047424, -1.5241138935089111, 1.048402190208435, -0.4040849804878235, 0.8023526668548584, 0.47728487849235535, 0.3547569513320923, -0.03978198021650314, 0.07051073759794235, -0.2655673623085022, -0.01050240732729435, -0.7626248002052307, -0.12850238382816315, 0.000864669680595398, 1.5027341842651367, 0.13767912983894348, 0.7032142877578735, -0.5967269539833069, 0.24737823009490967, -0.1305254101753235, 0.3707239031791687, 0.08748750388622284, 0.008634127676486969, 0.30768391489982605, 0.10627797245979309, -1.5020599365234375, -0.998062014579773, -0.12584683299064636, -0.2739817798137665, 1.2879829406738281, -0.8172638416290283, 0.7251479625701904, -1.3490004539489746, 0.5632796287536621, -0.8575872778892517, -1.1384894847869873, 1.0610456466674805, 0.3379741609096527, -0.16914239525794983, -0.9152580499649048, -0.9509875178337097, -0.9770500659942627, -0.618942141532898, -0.3493313789367676, -1.2672383785247803, -1.2671278715133667, 0.6622277498245239, -0.40560638904571533, -0.07645478844642639, -0.5299715995788574, 1.2795112133026123, -0.1996442824602127, -0.5670579075813293, -0.8484305143356323, -0.8832272887229919, -1.5517936944961548, -0.1509665846824646, 0.8059707880020142, 0.6782231330871582, -0.06020348519086838, 0.404508113861084, 1.5998692512512207, 0.8145480155944824, 0.5833020210266113, -0.5156430006027222, -0.03045409917831421, 0.18857434391975403, 0.8385864496231079, -0.6610730886459351, -0.7998737692832947, -0.4666217565536499]"
